"KOID"	"B1T24"	"B2T24"	"B3T24"	"B1T48"	"B2T48"	"B3T48"
"K00003"	1790	2347	2008	2134	2646	3093
"K00005"	3028	4974	742	2808	2109	2206
"K00008"	749	824	721	1112	1205	1865
"K00012"	423	461	1054	782	1211	1983
"K00013"	1240	1631	1833	1694	2545	3007
"K00014"	1277	1521	2428	2506	3394	3758
"K00016"	584	698	1053	501	785	1013
"K00018"	848	916	2012	1526	1801	2201
"K00020"	27	20	8	25	25	133
"K00024"	3325	5940	12256	1510	1231	1468
"K00027"	1385	1577	1957	1850	2441	2677
"K00029"	172	224	669	435	699	965
"K00031"	2288	4180	4600	2562	2984	3680
"K00033"	2718	5214	5875	1064	826	1083
"K00036"	1068	1988	3380	766	677	733
"K00040"	908	1044	3280	2902	3278	3390
"K00041"	749	960	5112	1306	1618	1572
"K00045"	65	91	133	189	326	440
"K00046"	813	1512	4838	1037	1139	1040
"K00048"	17722	29485	7476	19357	12230	6341
"K00052"	1032	1349	1313	1299	2141	2595
"K00053"	4580	6767	5663	2143	2433	4983
"K00057"	2171	2976	3601	2788	3162	3906
"K00058"	3601	5123	4718	2262	2569	3632
"K00059"	2351	3263	5530	6259	5362	6083
"K00067"	1796	2744	8541	6211	5262	7412
"K00068"	11	9	3	4	24	15
"K00074"	15597	24621	41397	33970	27030	43355
"K00075"	1317	1579	2088	1724	2134	2726
"K00077"	404	509	1242	1137	1553	1446
"K00087"	556	603	316	1018	864	1588
"K00088"	3913	5570	7978	6640	6806	7903
"K00091"	118	109	91	197	372	290
"K00096"	815	768	707	596	869	1234
"K00097"	231	382	1152	260	355	465
"K00099"	1453	1847	3862	2437	2429	3170
"K00104"	7817	13899	724	5334	3715	16113
"K00111"	1109	1426	1642	1582	1906	3477
"K00128"	80	102	193	484	482	781
"K00133"	2346	3317	2630	6161	5182	4410
"K00134"	38671	57758	68176	61449	47719	74176
"K00145"	791	972	1915	1848	2215	2518
"K00147"	1517	2067	2310	2492	3074	3659
"K00156"	866	1407	1956	698	888	1140
"K00169"	190	199	107	256	211	116
"K00170"	12	18	4	127	115	93
"K00171"	5	0	0	36	32	23
"K00172"	92	128	46	127	86	51
"K00174"	2283	3512	3910	1584	1604	2596
"K00175"	1366	2109	2277	887	892	1489
"K00176"	315	462	342	202	201	354
"K00177"	1125	1605	1076	616	605	948
"K00179"	1724	2599	1516	1462	2075	1920
"K00180"	584	927	476	492	693	556
"K00196"	76	120	37	100	119	64
"K00198"	8	13	8	8	79	69
"K00208"	90	248	517	155	228	255
"K00215"	1757	2657	1965	3407	3011	2888
"K00226"	459	928	1669	270	352	481
"K00230"	84	150	227	103	163	185
"K00239"	1370	2861	8224	1098	1530	1729
"K00240"	568	1246	3713	544	753	729
"K00241"	416	810	2267	205	233	311
"K00243"	608	699	1071	570	1036	1606
"K00244"	2200	3734	11063	6602	3468	5913
"K00254"	11	8	39	62	60	112
"K00259"	625	1304	1904	533	641	908
"K00262"	11980	24955	45154	7414	7492	8375
"K00265"	2665	3064	5011	3224	5303	7123
"K00266"	5642	7264	6368	6270	7617	13446
"K00275"	73	98	241	197	251	337
"K00278"	1219	1875	1954	1326	2031	2411
"K00281"	340	484	1544	560	892	1195
"K00282"	77	116	47	166	184	258
"K00283"	104	161	90	291	276	374
"K00286"	3099	4937	3295	2108	2231	3159
"K00287"	536	724	811	469	713	703
"K00289"	17	17	22	53	71	128
"K00290"	2236	3201	5376	2467	3112	4814
"K00297"	815	1058	2437	1813	2520	2671
"K00303"	0	3	3	8	40	50
"K00327"	1	0	0	1	5	8
"K00330"	19	22	67	46	81	94
"K00331"	84	76	193	186	285	448
"K00334"	16	15	1	48	34	84
"K00335"	92	115	95	366	346	671
"K00336"	182	226	130	748	666	1636
"K00337"	98	93	212	210	337	447
"K00338"	24	26	90	71	112	134
"K00339"	38	35	96	87	124	174
"K00340"	19	32	61	39	87	104
"K00341"	118	141	328	266	505	621
"K00342"	102	90	273	242	400	475
"K00343"	79	100	210	188	330	424
"K00344"	3	2	3	10	21	32
"K00346"	224	388	1435	227	344	484
"K00347"	144	297	978	164	233	291
"K00348"	87	185	643	120	171	226
"K00349"	107	145	573	96	183	156
"K00350"	89	186	664	113	161	197
"K00351"	205	360	1449	257	414	619
"K00366"	44	57	82	144	198	413
"K00375"	803	761	1140	1811	2762	3543
"K00382"	627	783	1157	1079	1506	2011
"K00384"	1775	2554	5080	3537	3804	5292
"K00385"	123	141	35	137	102	122
"K00390"	254	204	170	163	276	230
"K00394"	376	345	525	360	703	1037
"K00395"	75	88	126	80	192	258
"K00425"	1073	2304	3533	483	422	602
"K00426"	594	1321	1906	302	396	540
"K00432"	599	984	892	189	203	230
"K00525"	346	468	1727	726	1083	1366
"K00528"	2297	3004	1774	2246	2174	4575
"K00537"	136	163	254	246	246	277
"K00548"	2264	2602	3878	4776	6427	7273
"K00554"	2158	3082	2676	3483	3853	3521
"K00558"	4919	6644	4338	7870	8919	8690
"K00560"	786	1204	1159	856	1060	1234
"K00561"	29	61	167	48	93	118
"K00563"	1865	2162	8419	7311	4465	6700
"K00566"	1460	1699	2671	3730	4888	5433
"K00567"	218	270	438	678	855	912
"K00574"	41	31	17	10	45	42
"K00575"	1367	1904	1157	1118	981	984
"K00595"	969	1131	1634	2024	2352	2834
"K00600"	2894	4322	3270	3074	2866	3669
"K00602"	3216	4616	4329	2585	3253	3763
"K00603"	271	723	1399	211	306	322
"K00604"	926	1296	2037	1968	2350	2835
"K00605"	745	1621	2983	521	625	917
"K00606"	474	625	1083	453	761	1029
"K00609"	2146	3086	4594	4822	4400	7587
"K00610"	912	1165	2277	2475	1902	3539
"K00611"	1082	1362	2567	2244	2430	2920
"K00615"	7628	10042	13456	13895	11707	19997
"K00616"	3358	5130	3689	3128	2967	4706
"K00620"	1301	1548	2227	1597	2001	2502
"K00625"	2808	3839	7171	5968	5521	8570
"K00626"	21980	35481	51151	29414	26949	44276
"K00627"	9	13	19	43	103	113
"K00632"	53	33	61	263	305	425
"K00633"	30	12	74	63	66	160
"K00634"	80	92	696	596	532	839
"K00639"	860	1772	3160	393	466	636
"K00640"	1104	1389	1828	2115	2384	3018
"K00645"	1633	2351	2621	1286	1820	1781
"K00647"	29	37	93	148	195	281
"K00648"	1758	2681	4119	1731	2445	2845
"K00651"	850	1041	1486	1393	1950	2416
"K00652"	144	201	491	451	714	932
"K00655"	1557	1888	3084	3598	3447	4209
"K00656"	4336	6543	11063	16827	11560	12207
"K00657"	455	534	910	1063	1286	1232
"K00658"	467	859	1266	451	511	660
"K00661"	734	864	1589	1874	2529	2796
"K00666"	184	193	528	365	572	748
"K00677"	163	428	1112	244	401	434
"K00681"	17	37	8	46	36	146
"K00688"	14941	23035	24239	15775	12705	18511
"K00690"	1043	1310	1518	531	969	1418
"K00700"	7476	10490	11512	8620	9066	10683
"K00702"	3906	5285	2431	4426	4710	3731
"K00703"	7591	10588	10885	10680	8377	8700
"K00705"	9597	15485	16653	9996	8617	12235
"K00709"	136	176	241	238	392	678
"K00710"	8	10	12	2	6	6
"K00714"	11	8	17	24	49	59
"K00721"	83	162	507	212	331	525
"K00728"	144	119	258	460	585	962
"K00748"	117	110	304	219	336	421
"K00756"	419	441	1248	1885	1533	1884
"K00757"	1271	1883	1816	1703	1691	1803
"K00759"	825	1057	2059	1008	1083	1615
"K00760"	863	1141	2379	2065	1731	2480
"K00761"	1606	2172	2657	2593	2626	3360
"K00762"	2848	3813	5054	2605	3032	4098
"K00763"	2376	3127	4679	5377	6128	6561
"K00764"	6524	9250	4496	4312	4783	5740
"K00765"	823	1042	1354	1283	2053	2292
"K00766"	345	322	492	393	808	939
"K00767"	810	1335	1673	724	1173	1470
"K00768"	603	654	1013	1218	1425	1992
"K00773"	1041	1286	2226	2251	2667	3267
"K00782"	376	808	1373	194	157	171
"K00783"	345	527	657	626	986	966
"K00784"	745	939	1538	1318	1702	2262
"K00788"	916	1093	1194	1034	1707	1956
"K00789"	1696	2268	3906	3447	4739	4601
"K00790"	2969	4112	4591	6729	6074	6804
"K00791"	954	1339	1538	1576	2059	2344
"K00793"	523	818	989	404	776	1043
"K00794"	412	534	551	436	597	952
"K00796"	111	218	444	221	343	542
"K00797"	630	685	1441	927	1372	1780
"K00798"	121	190	383	195	263	374
"K00800"	1242	1578	2177	2522	2984	3610
"K00805"	577	831	1124	1020	1075	1191
"K00806"	1304	1733	2538	1726	1929	2196
"K00809"	258	297	489	43	96	162
"K00812"	281	429	1482	858	967	1177
"K00817"	1222	1499	2228	1749	2857	3287
"K00820"	2235	2889	4457	4264	4771	6615
"K00821"	1274	1505	2638	2609	3321	4091
"K00826"	2414	3120	3048	1817	2486	3368
"K00831"	2710	3711	4962	2010	2470	3243
"K00833"	279	339	519	558	882	1119
"K00844"	340	489	780	302	398	448
"K00845"	3606	5381	9484	4427	4356	4920
"K00847"	2476	3265	4393	13555	10241	11214
"K00848"	536	832	3504	922	1482	1820
"K00849"	1704	2420	4806	2576	3414	3934
"K00850"	4467	6198	10343	3857	4032	5315
"K00852"	681	1365	2217	580	824	1081
"K00853"	140	222	18	194	233	694
"K00854"	4146	4881	4034	6014	5170	8010
"K00857"	136	177	399	544	784	805
"K00858"	929	1350	1339	1204	1594	1822
"K00859"	698	775	1019	1348	1512	1760
"K00860"	32	33	81	73	93	141
"K00864"	3447	6272	1827	5597	4185	11505
"K00865"	475	425	788	718	1164	1676
"K00868"	855	1028	2188	2736	2893	3127
"K00872"	127	131	444	809	777	682
"K00873"	2060	2513	3709	4660	5127	5396
"K00874"	2312	2764	6780	3748	4610	4630
"K00876"	2057	2618	4085	3931	4519	5250
"K00878"	944	1214	783	858	1215	1423
"K00882"	2719	3026	8490	2067	2145	6169
"K00891"	977	1261	1636	1007	1589	2009
"K00895"	324	477	1836	260	403	516
"K00899"	215	385	248	278	317	611
"K00901"	128	208	53	186	203	185
"K00912"	113	133	378	239	436	543
"K00919"	1371	1791	2949	2626	2612	3532
"K00922"	10	10	43	28	40	48
"K00925"	2930	3955	4674	6761	6180	7621
"K00926"	2120	2720	2005	2882	2670	9453
"K00927"	11690	17721	25257	24548	18657	24330
"K00928"	2383	3416	4333	4231	4852	4731
"K00929"	389	630	2107	1119	1117	1737
"K00930"	717	828	1580	1402	1833	2174
"K00931"	884	1192	1324	1455	1926	2178
"K00936"	87	118	238	440	412	530
"K00937"	2550	3136	3557	3981	5169	6001
"K00939"	1989	2705	4498	3394	2500	3941
"K00940"	180	440	1505	133	126	159
"K00941"	759	990	944	1353	1662	1985
"K00942"	1122	1298	1924	1880	2481	3257
"K00943"	418	507	754	1065	1014	955
"K00945"	1230	1744	1697	1843	2031	3067
"K00946"	108	190	489	246	423	514
"K00948"	2843	3991	3762	5472	4597	5796
"K00949"	890	1097	2254	2213	2283	2613
"K00950"	38	36	86	112	169	273
"K00951"	4238	6193	8647	4639	5389	7382
"K00954"	2040	3077	8017	1967	1974	1983
"K00955"	218	273	356	318	475	872
"K00956"	472	528	716	512	1077	1381
"K00957"	275	354	506	369	652	941
"K00962"	2659	3735	5640	5809	6442	9163
"K00963"	697	882	3380	3799	2425	3055
"K00965"	1411	1871	2298	2146	2840	2973
"K00969"	640	806	1265	1369	1488	2069
"K00971"	499	797	1869	1011	1151	1782
"K00972"	1308	1814	1983	428	634	753
"K00973"	1932	2995	8999	6245	5597	7821
"K00974"	1905	2512	2406	2633	3379	3271
"K00975"	17956	26134	29805	15058	11843	17115
"K00978"	314	381	321	264	357	412
"K00979"	538	709	436	442	525	633
"K00980"	69	75	58	116	137	51
"K00981"	1364	1727	2855	2226	2564	3306
"K00986"	17	19	56	29	64	67
"K00989"	23	23	60	157	164	191
"K00991"	571	745	987	615	981	1323
"K00995"	649	915	1631	1691	1387	1668
"K00997"	77	71	131	261	373	484
"K01000"	1599	2382	4098	3266	3245	3994
"K01002"	129	169	217	123	337	374
"K01006"	30440	46774	64514	73642	46233	60260
"K01007"	0	0	6	5	6	18
"K01008"	1109	1193	2094	1770	1763	2332
"K01012"	787	903	1306	1190	2175	2394
"K01023"	67	103	141	392	286	244
"K01026"	3048	2895	868	2356	1720	8352
"K01029"	6	7	0	22	23	79
"K01034"	780	730	554	2113	1235	1011
"K01035"	706	639	490	1466	888	702
"K01042"	34	37	43	175	147	287
"K01048"	349	355	446	286	552	816
"K01051"	798	1026	2349	3536	3254	4068
"K01056"	729	835	1079	1757	2120	2568
"K01057"	607	1195	1718	450	483	569
"K01060"	662	840	175	145	110	137
"K01066"	592	432	3574	1004	733	822
"K01069"	792	1060	1626	1432	1813	2389
"K01077"	918	1670	3277	1224	2025	2404
"K01079"	397	416	1330	1761	1346	1571
"K01081"	96	153	374	128	234	295
"K01082"	43	61	251	114	141	204
"K01089"	96	154	409	272	448	643
"K01091"	2557	3104	4442	4622	5458	6652
"K01092"	300	424	736	250	447	610
"K01095"	74	55	153	162	225	354
"K01104"	1116	1446	1804	3160	3645	4142
"K01118"	27	36	31	140	131	154
"K01119"	1377	1345	1345	2493	1936	1843
"K01126"	1808	2160	4325	4452	5403	6595
"K01129"	1603	2111	2541	3787	3798	3456
"K01130"	336	381	630	993	1501	2086
"K01142"	574	752	1321	1104	1453	1895
"K01151"	1148	1536	2201	2116	2598	2772
"K01153"	4149	5085	7330	8594	11831	11057
"K01154"	1732	2128	2898	3679	5429	4910
"K01156"	679	1015	2392	2432	2875	2579
"K01159"	399	427	712	1639	1612	1635
"K01163"	486	786	1194	735	909	1060
"K01173"	677	1520	2780	688	1162	1450
"K01176"	5098	9851	6697	1581	2190	3462
"K01179"	8214	12296	3780	8845	10378	6312
"K01181"	1083	1634	2549	1015	1932	2137
"K01182"	781	825	999	508	1004	1212
"K01185"	83	83	85	214	263	383
"K01186"	6384	9812	1760	1789	2000	2525
"K01187"	3351	4233	11671	9460	11034	13248
"K01190"	9155	11477	20136	25006	26931	30700
"K01191"	944	1056	2298	1126	1501	2719
"K01192"	1010	1400	2879	1911	2999	3943
"K01193"	5108	6511	10186	198097	136774	117059
"K01195"	431	420	442	775	1205	1177
"K01198"	2095	2748	3530	2576	4081	5032
"K01200"	5962	11419	7780	2936	4018	5657
"K01201"	255	521	828	361	588	702
"K01205"	536	611	1141	1464	2315	2923
"K01206"	1266	1820	2253	2085	3361	3797
"K01207"	752	1001	645	825	922	1497
"K01208"	803	791	1330	654	1369	1698
"K01209"	2232	2819	1981	2188	3030	3583
"K01214"	1603	1794	2396	1335	2699	3349
"K01215"	719	856	1286	529	972	1520
"K01218"	3588	4680	1416	2778	4112	2728
"K01222"	43	46	111	55	61	234
"K01223"	1081	1225	2468	3216	3532	4557
"K01224"	2102	2594	3107	1533	2926	4108
"K01232"	12	18	75	29	72	216
"K01235"	210	406	1095	468	674	941
"K01241"	231	557	1025	232	275	465
"K01243"	620	720	1166	1040	1286	1684
"K01246"	202	262	552	654	768	823
"K01247"	31	35	58	110	86	180
"K01251"	564	854	1282	1004	1170	1064
"K01255"	109	202	25	146	114	317
"K01258"	2075	3218	5502	3048	3232	4170
"K01262"	3112	4219	7137	6054	6523	7985
"K01265"	3679	4905	8938	5378	4750	7076
"K01266"	151	170	492	503	584	653
"K01267"	1247	1319	3040	3249	2656	3379
"K01270"	2166	3522	6537	2174	2683	3931
"K01271"	108	112	124	361	293	325
"K01273"	299	252	484	1455	1009	1129
"K01277"	186	334	895	321	511	682
"K01278"	470	863	1951	818	1242	1611
"K01281"	916	830	300	291	231	236
"K01284"	430	598	2207	835	1273	1720
"K01295"	78	125	83	315	270	339
"K01297"	92	115	239	222	258	421
"K01299"	1030	1185	1424	1618	1330	1658
"K01304"	71	73	62	24	32	13
"K01305"	223	182	188	439	575	579
"K01308"	148	207	43	57	99	132
"K01322"	217	273	742	429	690	988
"K01338"	3557	4958	10460	7344	8005	9452
"K01356"	745	889	1158	1768	2077	2318
"K01358"	1328	1818	2541	2442	2328	3113
"K01372"	501	787	3039	2047	2048	2510
"K01409"	1558	1926	3530	3538	3878	4700
"K01420"	548	612	821	384	555	945
"K01421"	3447	3463	10585	2969	5059	5776
"K01424"	1658	2559	3686	2571	3100	2971
"K01425"	194	241	589	264	358	461
"K01433"	39	70	269	137	178	282
"K01438"	315	494	632	229	356	425
"K01439"	1205	1463	2065	3819	3559	3106
"K01442"	2322	3612	4889	2972	3705	4574
"K01443"	5535	7344	8356	8195	6782	8964
"K01448"	3196	4714	3363	3285	4934	5546
"K01449"	125	138	136	842	1019	636
"K01457"	117	152	52	38	50	7
"K01462"	855	916	1826	1602	2034	2528
"K01464"	252	276	186	905	952	1412
"K01465"	1359	1623	2035	2851	2982	3619
"K01468"	330	848	1514	335	444	609
"K01470"	11	10	18	75	85	110
"K01476"	105	132	151	265	263	424
"K01480"	207	230	1184	714	859	1235
"K01486"	519	642	798	862	1043	971
"K01487"	203	224	312	852	762	1284
"K01488"	372	405	649	304	559	880
"K01489"	611	816	1076	969	1160	1362
"K01491"	1137	1528	2272	2277	2438	3082
"K01493"	931	1209	1335	1047	1432	1632
"K01495"	93	120	233	140	213	322
"K01501"	1	5	0	1	13	12
"K01507"	371	499	205	428	408	362
"K01512"	290	339	419	385	684	822
"K01515"	1345	1849	2119	1130	1336	1515
"K01520"	873	983	1853	1290	1662	1921
"K01524"	161	188	228	159	257	477
"K01530"	1130	1531	3323	5103	3862	3100
"K01531"	501	540	849	1565	2024	2122
"K01533"	2326	3221	5587	3785	4818	6682
"K01534"	2616	3169	8779	5458	5969	6263
"K01537"	1725	2467	2397	3764	4737	4305
"K01546"	235	246	336	707	1174	960
"K01547"	342	334	343	856	1483	1099
"K01548"	120	130	104	390	624	463
"K01560"	186	174	1143	991	929	1186
"K01567"	336	415	499	383	666	249
"K01571"	4266	6013	8543	9723	8325	11469
"K01579"	243	330	665	237	424	501
"K01580"	317	275	821	529	640	859
"K01585"	169	232	653	369	604	791
"K01586"	3165	4182	4409	4216	4561	5817
"K01588"	1005	1542	2146	1026	1211	1340
"K01589"	26	39	9	38	24	113
"K01591"	1172	1268	1214	2161	2309	3176
"K01596"	19994	35254	2260	8380	6009	3642
"K01599"	87	125	781	222	308	482
"K01604"	5436	7043	7961	14330	9531	8698
"K01607"	106	122	218	323	444	677
"K01609"	244	265	438	407	759	985
"K01610"	11524	17729	44257	25408	17971	25994
"K01611"	122	124	60	162	313	137
"K01613"	640	1039	1535	481	683	1049
"K01619"	1007	1276	3165	2816	2553	3150
"K01620"	657	740	1360	1715	1984	2725
"K01621"	499	548	1076	1482	1486	2331
"K01624"	8746	13319	17697	10723	8642	12758
"K01625"	1548	1842	4316	2296	2700	2559
"K01626"	659	826	752	1158	1906	1284
"K01627"	133	256	541	201	325	419
"K01628"	170	201	147	305	378	220
"K01629"	159	284	834	161	216	348
"K01633"	53	53	114	140	219	258
"K01639"	1217	1527	5031	2293	1872	2211
"K01640"	21	22	30	70	96	103
"K01647"	3892	6615	7053	4238	4387	5660
"K01649"	1820	2402	2107	2078	3345	3427
"K01652"	3208	4086	3730	3549	5421	6537
"K01653"	1051	1377	1456	1005	1661	1884
"K01657"	501	466	725	792	1369	1882
"K01658"	167	186	320	272	558	690
"K01661"	71	117	256	133	215	334
"K01662"	3324	4405	6902	5759	6984	7954
"K01665"	66	58	160	143	277	389
"K01666"	1094	1276	1029	1025	1808	2115
"K01667"	6372	11482	2658	1470	1319	1118
"K01673"	225	419	720	255	392	567
"K01676"	570	1196	3030	589	642	905
"K01677"	861	1101	1134	1452	2039	2352
"K01678"	479	584	665	916	1099	1176
"K01679"	61	45	41	162	170	239
"K01681"	6109	9509	11685	4537	5806	6844
"K01684"	865	683	4752	1305	1025	1073
"K01685"	704	1068	2786	1131	1343	1346
"K01686"	984	1290	2671	2512	3292	3561
"K01687"	2724	3700	2967	2800	3753	5260
"K01689"	2870	3934	8362	3937	3599	3684
"K01693"	480	595	553	532	823	909
"K01695"	225	225	331	299	650	712
"K01696"	428	472	751	677	1320	1670
"K01698"	133	148	92	310	267	377
"K01699"	2609	5099	885	2785	2084	7959
"K01703"	1014	1217	1197	1322	2389	2856
"K01704"	422	434	443	453	784	1008
"K01706"	28	36	63	229	298	324
"K01708"	26	38	43	151	198	276
"K01709"	492	673	501	570	1047	954
"K01710"	2369	3461	12418	7040	6405	8535
"K01711"	351	421	1032	686	944	1295
"K01712"	905	1792	2810	830	1005	1327
"K01714"	2838	4399	6415	5526	5163	5416
"K01715"	11888	18923	29528	23425	18927	33722
"K01719"	107	181	609	142	218	257
"K01733"	2328	2954	3416	3591	4079	5081
"K01734"	2982	3798	7009	3598	3451	4481
"K01735"	1141	1535	1891	2149	2517	2946
"K01736"	1602	2294	3522	2819	3337	3857
"K01737"	111	278	530	101	129	157
"K01738"	1870	2275	4923	4998	5518	6239
"K01739"	85	115	103	27	74	25
"K01740"	3048	3833	4866	5189	7109	8065
"K01744"	953	1535	2464	895	937	1234
"K01745"	229	454	1102	387	493	732
"K01749"	226	230	379	305	560	659
"K01751"	2079	3092	606	5202	3345	13319
"K01752"	912	1205	2101	3577	3186	3755
"K01754"	1000	1138	1251	1710	2488	2573
"K01755"	1083	1392	2629	2136	2625	3036
"K01756"	2258	3459	5732	2917	3300	4409
"K01759"	178	295	650	238	331	536
"K01770"	319	334	490	480	591	908
"K01775"	1325	1852	2575	2684	3251	3723
"K01776"	520	713	1620	1639	1901	2534
"K01778"	1058	1297	4395	1745	2041	2409
"K01779"	56	57	116	268	297	451
"K01783"	1146	1400	2091	2234	2253	3182
"K01784"	2736	3924	5823	2942	3139	4404
"K01785"	2625	3650	4819	3926	4576	4890
"K01787"	961	1085	587	1057	1181	1360
"K01788"	420	510	2117	804	687	751
"K01790"	643	895	1823	1892	1888	2310
"K01791"	542	797	1440	947	991	1477
"K01803"	4371	6529	9642	8566	6926	9892
"K01804"	428	550	1297	825	958	2470
"K01805"	201	298	847	384	514	756
"K01807"	207	293	228	285	302	459
"K01808"	822	1066	1883	1296	1427	1696
"K01809"	1569	2545	3200	1389	1444	1961
"K01810"	7694	10411	12588	11453	9315	11890
"K01811"	4831	6499	4535	5308	5539	8009
"K01812"	1027	1540	8903	2881	2958	3564
"K01813"	199	375	1505	136	237	298
"K01814"	895	1006	1258	1061	1534	1919
"K01815"	652	1111	3810	1496	1414	1457
"K01817"	450	514	747	622	1106	1384
"K01818"	301	344	386	763	1296	997
"K01834"	1265	1919	2586	1477	1464	2003
"K01835"	9557	14267	12294	9857	8253	12710
"K01838"	348	164	271	75	97	75
"K01839"	1015	1219	1815	2383	2097	2648
"K01840"	201	344	1130	325	534	751
"K01843"	2475	2598	1372	4735	2795	3066
"K01844"	1993	2143	1027	4075	1932	2102
"K01845"	208	180	174	594	443	538
"K01847"	1029	2126	5245	996	1308	1725
"K01848"	1318	1284	256	19929	11173	5330
"K01849"	331	299	36	3596	1933	1131
"K01854"	2372	3007	4002	2957	3934	4232
"K01858"	395	739	3670	352	449	615
"K01866"	1373	1731	3245	2415	3322	3339
"K01867"	1717	2297	2870	3519	3765	4108
"K01868"	3105	4260	6191	4404	4996	7075
"K01869"	3486	4832	8062	8284	7985	10989
"K01870"	3694	5067	10571	9339	10090	12349
"K01872"	5730	7713	11307	7117	8042	13225
"K01873"	2882	4095	5113	4644	6010	7451
"K01874"	2734	3423	4399	4229	5466	6650
"K01875"	2665	3752	5924	5231	5124	6023
"K01876"	3736	5160	8170	6044	6417	7599
"K01880"	2056	2945	4990	4887	4851	6284
"K01881"	2633	3641	7805	6819	6280	6397
"K01883"	1633	2049	2377	2671	3485	3963
"K01885"	2377	3198	5589	6158	6186	7146
"K01886"	2527	3274	6022	6383	5812	7750
"K01887"	1664	2093	4963	4070	4561	5812
"K01889"	809	1057	1660	1394	1917	2388
"K01890"	1984	2699	5404	2910	3988	4880
"K01892"	2439	3345	3320	2844	3339	4053
"K01893"	1659	2075	3240	2757	2972	3980
"K01895"	1733	2658	1571	1610	1524	1681
"K01897"	4230	6758	7188	6492	6043	12288
"K01902"	539	921	1341	471	459	601
"K01903"	761	1294	2196	970	780	888
"K01911"	122	129	252	340	590	790
"K01912"	2142	3295	1924	2600	2881	2431
"K01914"	1297	1846	2652	3414	2812	3264
"K01915"	4752	6412	6929	11720	10507	14091
"K01918"	447	678	1176	465	747	1040
"K01919"	27	28	105	101	90	203
"K01921"	1653	2091	2464	2885	2895	3754
"K01923"	2456	3299	2537	2660	2311	2802
"K01924"	2404	3127	5527	4426	5142	5727
"K01925"	1588	2169	4510	3331	3712	4401
"K01926"	1385	1966	1825	2205	2486	2761
"K01928"	3237	5004	12892	5066	4879	6284
"K01929"	1844	2337	3470	2993	3135	4152
"K01933"	2503	3483	2315	1801	2345	2906
"K01934"	782	952	918	1438	1390	1880
"K01935"	112	102	144	162	173	208
"K01937"	3210	4582	6163	3811	4548	5766
"K01938"	2511	3384	2748	5611	6531	7620
"K01939"	4364	6520	9242	7422	6797	8829
"K01940"	2589	3546	4782	2967	3545	4438
"K01941"	244	250	114	86	114	19
"K01945"	2705	3795	2931	2310	2999	3531
"K01950"	4360	5156	9003	7088	7717	8433
"K01951"	4443	6030	10079	14696	13019	13625
"K01952"	4489	5962	8487	5566	7004	8683
"K01953"	1343	1498	2181	3709	4827	6638
"K01955"	6369	8548	7896	6965	8727	10960
"K01956"	1549	2039	2544	1926	2429	3159
"K01958"	698	650	347	802	760	2225
"K01960"	4710	9789	14548	3079	2564	3445
"K01961"	1700	2634	2244	1124	1689	1992
"K01962"	1963	2725	2800	1546	2405	2430
"K01963"	462	682	482	731	976	811
"K01966"	1260	2338	2370	2038	1882	1922
"K01971"	88	132	279	147	189	180
"K01972"	2100	2607	4205	3697	5191	5707
"K01989"	1042	1245	1891	6437	7115	3695
"K01990"	8196	10080	17625	37088	33270	37572
"K01991"	311	410	1151	568	956	1225
"K01992"	4106	5189	9395	5317	8639	10279
"K01993"	645	1102	1612	726	969	1293
"K01995"	462	695	589	818	1079	1100
"K01996"	511	638	639	733	925	1092
"K01997"	524	767	636	828	949	922
"K01998"	575	740	682	882	1042	1157
"K01999"	951	1280	1375	1690	1668	2112
"K02000"	102	117	224	252	373	509
"K02001"	93	106	170	218	326	456
"K02002"	80	92	155	165	321	387
"K02003"	7353	8774	11007	13265	18590	17629
"K02004"	15716	19735	20707	23309	34556	31367
"K02005"	1682	1882	4917	3577	4270	4770
"K02006"	203	199	83	126	203	160
"K02007"	274	469	101	188	172	253
"K02008"	198	216	89	163	180	194
"K02009"	22	25	16	34	57	87
"K02010"	1	1	2	7	30	29
"K02011"	3	6	2	5	35	54
"K02012"	1	7	0	3	17	27
"K02013"	741	839	1297	1557	2334	2748
"K02014"	1622	2395	4570	1931	3167	4408
"K02015"	1300	1468	2348	2603	4075	4489
"K02016"	1542	1802	2903	3132	4390	4643
"K02017"	1015	988	740	3426	2528	5299
"K02018"	442	482	468	2217	1519	2953
"K02019"	23	19	86	96	115	311
"K02020"	675	781	740	2884	2111	3651
"K02025"	9338	12176	7646	6997	6135	7886
"K02026"	11279	16801	8643	6249	4903	7703
"K02027"	18149	22546	24601	13959	11853	19510
"K02028"	336	350	365	362	863	683
"K02029"	555	608	1238	1018	1720	1459
"K02030"	987	1144	1940	1533	2464	2478
"K02031"	1441	1647	773	1458	1647	2627
"K02033"	1331	1417	764	1691	2033	3121
"K02034"	1229	1406	585	1273	1281	2369
"K02035"	6560	6402	1878	4028	3645	10135
"K02036"	431	366	535	766	1367	1289
"K02037"	473	450	580	890	1559	1561
"K02038"	420	515	576	873	1529	1516
"K02039"	336	369	434	571	964	919
"K02040"	1778	1893	4406	2564	3081	4173
"K02041"	77	75	61	25	40	18
"K02042"	87	86	54	51	63	22
"K02044"	93	95	239	58	77	67
"K02045"	343	362	504	367	788	970
"K02046"	192	179	282	242	458	475
"K02047"	153	176	305	207	418	489
"K02049"	688	664	441	1624	1978	2345
"K02050"	654	661	398	1553	1990	1886
"K02051"	1670	1673	900	3631	3732	4795
"K02052"	23	23	6	65	67	112
"K02053"	20	10	0	47	40	71
"K02054"	21	11	8	67	51	82
"K02055"	97	67	26	339	225	498
"K02065"	107	167	433	219	296	402
"K02066"	142	165	502	196	274	380
"K02067"	108	199	493	222	299	394
"K02069"	41	76	172	115	165	232
"K02071"	700	771	1448	1751	1783	1778
"K02072"	441	425	1002	1217	1229	1123
"K02073"	482	573	1054	1211	1221	1408
"K02078"	3078	4628	5359	3849	3035	3572
"K02103"	277	373	168	436	536	519
"K02106"	308	328	324	1986	1199	3447
"K02108"	2827	4373	9009	6067	5642	7085
"K02109"	2497	3898	6112	5144	4112	5783
"K02110"	1625	2565	3979	2906	2536	3567
"K02111"	7801	11964	20916	14817	12179	17369
"K02112"	8795	13538	23145	14563	11697	17389
"K02113"	2503	3913	5502	4707	3839	5565
"K02114"	2971	4503	6667	4261	3677	5051
"K02115"	5054	7918	11625	8600	6934	10471
"K02117"	3139	4035	2565	7375	4731	3876
"K02118"	2480	3224	1923	4901	3289	2800
"K02119"	1358	1578	568	3311	2150	1434
"K02120"	1340	1632	782	3042	1933	1224
"K02121"	387	589	868	1869	1146	742
"K02122"	544	738	314	1228	755	685
"K02123"	3535	4420	2943	8349	5506	4722
"K02124"	433	540	791	1859	1159	870
"K02160"	288	364	105	138	221	211
"K02169"	49	54	160	195	325	438
"K02171"	64	63	85	57	119	147
"K02172"	314	341	581	392	838	1016
"K02188"	933	1029	1931	2435	2648	3444
"K02189"	684	751	1162	1298	1667	2205
"K02190"	87	110	122	266	262	489
"K02203"	364	472	584	443	616	778
"K02217"	2555	5764	10604	1384	809	897
"K02224"	914	960	1566	2224	2581	2870
"K02226"	870	836	1613	2469	2782	2776
"K02227"	444	438	843	915	1181	1641
"K02230"	127	138	331	542	765	1052
"K02231"	299	340	474	610	727	1065
"K02232"	813	803	1441	1728	2138	2776
"K02233"	443	361	682	779	986	1416
"K02237"	561	660	687	761	956	1059
"K02238"	1637	1986	2501	2623	3658	4789
"K02241"	509	730	147	646	354	87
"K02278"	231	182	257	218	373	546
"K02279"	216	232	407	371	738	916
"K02283"	965	1015	1570	1387	2532	3271
"K02302"	239	257	302	172	318	465
"K02313"	2534	3517	5276	4481	4608	6366
"K02314"	2425	3177	4233	3128	3988	5329
"K02315"	1986	2316	3887	4532	5813	5721
"K02316"	2160	2808	3829	4644	4793	4714
"K02334"	39	32	71	281	291	387
"K02335"	3318	4205	5973	5068	6020	7302
"K02337"	2897	3760	7780	5390	6904	8166
"K02338"	2145	3433	6467	3415	3571	4647
"K02340"	719	907	1666	1495	2047	2239
"K02341"	2626	3518	2132	3045	2688	2973
"K02342"	210	315	1008	300	444	559
"K02343"	2594	3696	7155	5809	5632	6816
"K02346"	900	1051	1455	1745	2555	2729
"K02355"	36588	51171	105349	64287	44572	66839
"K02356"	4335	5781	7418	11190	8405	10942
"K02357"	3269	4826	15004	16485	12271	15366
"K02358"	29148	42739	70702	63072	42569	67859
"K02361"	115	194	509	196	312	387
"K02371"	1630	2413	3114	1522	1990	2491
"K02372"	976	1719	1327	713	970	1058
"K02377"	166	220	502	491	635	787
"K02379"	319	428	472	456	437	437
"K02385"	173	269	97	217	125	56
"K02387"	780	1006	757	452	531	511
"K02388"	909	1119	602	460	500	474
"K02389"	1078	1499	1260	1071	966	719
"K02390"	4029	5689	3893	3083	2839	2113
"K02392"	2373	3563	2375	2368	2625	2000
"K02396"	2654	3588	2927	1813	2758	2960
"K02397"	1657	2166	1619	1243	1638	1461
"K02400"	1767	2478	1311	1725	2268	1809
"K02401"	924	1238	753	876	1220	1115
"K02404"	481	609	752	397	886	1002
"K02405"	798	1041	821	627	806	897
"K02406"	41681	61044	37622	16997	9137	10024
"K02407"	6456	9441	7179	2488	3376	3648
"K02408"	491	656	458	222	359	386
"K02409"	2194	3113	2000	1328	1802	1903
"K02410"	1044	1429	1191	619	1038	1081
"K02411"	440	546	706	279	494	592
"K02412"	1378	1711	1602	1046	1463	1607
"K02414"	1928	2660	3352	545	864	1175
"K02416"	1686	2461	1188	1494	1378	1081
"K02417"	2570	3678	2725	1730	1898	2108
"K02419"	1131	1642	946	906	1072	955
"K02420"	204	295	248	189	260	246
"K02421"	686	863	500	622	704	547
"K02422"	1165	1743	1225	449	550	605
"K02424"	162	271	805	586	461	739
"K02426"	53	116	260	57	86	124
"K02428"	819	985	1561	1550	1821	2413
"K02429"	466	791	2440	797	1273	1760
"K02431"	23	32	4	54	108	17
"K02433"	1079	1331	950	996	1650	2155
"K02434"	1002	1365	786	959	1495	1758
"K02435"	20	25	20	59	66	104
"K02437"	202	536	1062	169	230	297
"K02440"	1627	2946	266	839	568	3206
"K02443"	94	97	2030	41	82	103
"K02469"	6624	8874	16452	10257	11067	13456
"K02470"	5261	6633	11480	8280	9936	11637
"K02472"	72	105	351	307	281	617
"K02477"	84	128	315	171	271	344
"K02481"	121	180	349	295	401	499
"K02492"	119	104	112	400	335	418
"K02493"	769	1034	1449	2258	2215	2408
"K02499"	1253	1590	4472	4201	2602	3509
"K02500"	933	1006	1326	1135	1777	2093
"K02501"	716	838	1156	826	1274	1534
"K02502"	772	1060	733	775	1304	1233
"K02503"	767	985	1788	1048	1215	1613
"K02510"	26	15	31	62	93	112
"K02517"	62	73	180	146	196	357
"K02518"	728	879	2168	4303	2540	4994
"K02519"	3337	4818	11646	11914	11102	11020
"K02520"	1910	2737	4635	8090	5283	6931
"K02523"	90	136	435	195	346	414
"K02527"	120	164	502	278	390	520
"K02528"	1084	1370	2324	1465	2005	2428
"K02529"	8517	12124	16558	19749	21616	20510
"K02536"	221	468	1052	204	307	350
"K02538"	478	530	132	298	262	712
"K02548"	99	126	220	216	370	510
"K02551"	104	143	440	212	366	498
"K02556"	1654	2148	1832	1300	1500	1629
"K02557"	1928	2600	1726	1962	1901	1432
"K02563"	2130	3170	4838	3444	3761	4661
"K02564"	5621	8981	13177	6646	5224	6856
"K02566"	81	105	14	141	126	360
"K02585"	9	7	17	52	83	93
"K02587"	28	78	64	26	61	84
"K02588"	59	81	78	129	174	257
"K02589"	44	60	23	15	16	3
"K02590"	50	47	22	9	13	7
"K02591"	24	18	27	112	131	170
"K02598"	10	8	28	50	79	107
"K02600"	1747	2793	5538	5180	4118	4389
"K02601"	3631	4854	9382	6937	4967	7510
"K02614"	201	301	177	185	241	212
"K02619"	29	44	86	90	133	177
"K02621"	418	775	2005	514	737	945
"K02622"	172	268	801	335	559	732
"K02647"	4321	5381	8368	6002	5496	6713
"K02650"	185600	340568	36151	78705	39430	20763
"K02652"	1933	2784	1495	1002	1434	2022
"K02653"	2846	3712	2070	1676	2053	2705
"K02654"	1773	2729	2640	721	967	1376
"K02662"	1208	1607	1826	478	829	1176
"K02669"	2260	3066	2074	1437	2423	2585
"K02687"	1182	1494	1556	2385	2657	2644
"K02755"	1997	2780	2295	339	558	1380
"K02759"	131	174	189	69	166	201
"K02760"	154	158	300	152	282	382
"K02761"	457	539	561	230	542	614
"K02768"	9380	10449	25049	4780	4080	13027
"K02775"	184	263	1043	429	542	863
"K02777"	175	211	704	1728	1446	1161
"K02781"	22	20	1	11	17	29
"K02782"	25	11	1	8	10	21
"K02783"	8	9	0	2	7	11
"K02790"	260	207	703	1449	1159	1159
"K02793"	947	1068	184	685	361	1776
"K02795"	695	793	229	506	442	1145
"K02796"	1026	1204	240	729	613	1643
"K02798"	24	35	7	69	43	138
"K02803"	22161	32117	32978	16531	16257	23945
"K02805"	248	307	369	397	385	750
"K02806"	5	7	3	1	10	16
"K02809"	3	6	23	23	48	142
"K02823"	803	1016	1089	1383	1657	2256
"K02824"	1038	1287	2035	1440	1866	2619
"K02834"	334	489	1280	1304	1397	1636
"K02835"	983	1221	1318	1619	2134	2367
"K02836"	1164	1403	2558	3258	2872	3873
"K02837"	963	1138	2204	2736	2996	4122
"K02838"	2598	3740	5449	2849	2869	3775
"K02843"	107	149	312	263	382	550
"K02851"	29	37	109	332	217	238
"K02852"	6	8	40	15	23	44
"K02856"	174	281	869	212	270	481
"K02857"	12	16	33	64	50	42
"K02860"	479	611	955	1184	1308	1316
"K02863"	6188	8084	16538	11844	8006	12060
"K02864"	4675	6216	16229	17663	12615	15623
"K02867"	3742	5020	10753	7903	5540	8279
"K02871"	1945	2846	5888	8171	4060	6637
"K02874"	2519	3457	11500	8270	6960	8673
"K02876"	3583	5457	16349	8535	4984	9670
"K02878"	2460	3636	12128	9871	8123	9540
"K02879"	2758	4096	7127	7712	5169	7693
"K02881"	3026	4470	13075	7352	5166	8508
"K02884"	2213	3312	7397	10847	7637	11046
"K02886"	4231	6445	14926	15956	11754	13965
"K02887"	1321	1909	4347	6775	4978	5806
"K02888"	4217	5384	15793	10128	7050	9717
"K02890"	1829	2672	7514	7504	5589	6732
"K02892"	1794	2631	5893	6713	4837	5537
"K02895"	2345	3566	12569	7976	7500	8952
"K02897"	168	283	1065	184	254	305
"K02899"	4495	5646	15662	8956	6277	8101
"K02902"	1600	2582	6340	4454	2896	4206
"K02904"	1251	1852	6039	4349	3639	4392
"K02906"	3088	4402	9215	14143	9837	11293
"K02907"	1678	2643	7966	4245	2496	4703
"K02909"	2711	4175	8356	6919	4748	6149
"K02911"	3185	4360	9190	11303	7896	7924
"K02913"	2190	2689	5483	3714	2883	3957
"K02914"	953	1340	4742	6798	3860	5580
"K02916"	975	1358	2603	3923	3039	3640
"K02919"	859	1230	2630	4301	2699	4091
"K02926"	2497	3817	8226	11479	7710	9113
"K02931"	3510	5133	16693	10196	8960	11338
"K02933"	4446	6565	18826	10973	7925	12081
"K02935"	3406	4461	11714	12623	8977	10734
"K02939"	1348	1792	2800	2179	1989	2527
"K02945"	12041	15301	35392	37180	24270	43450
"K02946"	1782	2717	5491	9507	6297	7388
"K02948"	2482	3455	7065	8345	5416	8617
"K02950"	8137	10653	25840	15731	10786	17114
"K02952"	2406	3507	6498	8529	5112	8732
"K02954"	1723	2468	9441	4938	4194	5482
"K02956"	2131	3385	6606	10793	7033	10358
"K02959"	2382	3555	8624	6160	5198	5376
"K02961"	1946	2686	8234	5976	5480	6259
"K02963"	4116	4613	8597	6714	4623	7294
"K02965"	1423	1998	4794	5311	4007	4723
"K02967"	3161	4905	11399	14543	10285	14693
"K02968"	8969	9972	32001	29433	21510	23972
"K02970"	2440	3740	11603	19625	15236	15906
"K02982"	3633	5296	16768	15140	11771	14191
"K02986"	3553	5110	10280	12820	7820	12423
"K02988"	3762	5528	17004	9587	6144	10833
"K02990"	4880	5853	11277	9629	6443	10046
"K02992"	6639	8672	20207	13102	8653	13467
"K02994"	3850	5473	15155	9510	7324	10699
"K02996"	2091	3077	5749	8220	4562	6259
"K03009"	7	3	10	29	42	20
"K03040"	5004	7230	16351	18383	13036	18424
"K03043"	13389	19373	27850	25583	17559	27102
"K03046"	18960	28001	43564	29322	19567	30347
"K03060"	367	468	364	330	296	496
"K03070"	4433	5675	9906	9223	9481	10716
"K03072"	451	634	339	312	535	513
"K03073"	1827	2476	4608	3699	2332	3633
"K03074"	311	450	239	182	273	326
"K03075"	837	1267	1937	997	905	1189
"K03076"	9683	14404	47590	24179	13744	27657
"K03077"	1423	1955	1250	1383	1949	2471
"K03086"	4199	5400	12724	11926	9220	10926
"K03091"	3263	3708	3373	6994	8179	7837
"K03092"	405	713	1246	641	805	1198
"K03100"	1949	2187	3948	4493	5040	5643
"K03101"	1420	2031	1274	915	971	1360
"K03106"	3080	3799	12524	8982	7937	7651
"K03110"	1213	1696	2936	1606	1851	2392
"K03111"	5897	7113	11326	10189	7359	11400
"K03113"	72	114	192	240	245	369
"K03116"	571	789	2901	1512	1149	1466
"K03117"	233	184	909	624	497	583
"K03118"	1056	1256	6006	3657	2778	3740
"K03147"	1213	1534	1284	1198	1909	2291
"K03148"	21	18	28	80	97	130
"K03149"	336	379	511	611	1068	1398
"K03150"	1073	1064	1641	1619	2978	3380
"K03151"	1156	1462	1828	1795	2392	3054
"K03152"	1224	1706	2157	1727	1973	2445
"K03154"	142	150	232	165	303	369
"K03168"	2221	2797	4317	4478	6714	7445
"K03169"	4853	5201	5784	7818	13404	14222
"K03177"	1023	1309	2983	2695	2890	3778
"K03183"	117	194	396	207	316	389
"K03186"	9	11	14	48	37	47
"K03205"	4263	4657	5545	9032	14472	14461
"K03210"	1549	2185	3641	3089	2407	3062
"K03215"	2489	2624	3792	4483	5950	6727
"K03216"	509	639	1180	1436	1414	1685
"K03217"	1637	2134	2970	4035	4098	5172
"K03218"	1024	1178	1652	2197	2373	2985
"K03269"	245	400	667	290	420	597
"K03270"	63	89	218	182	275	381
"K03271"	4	5	26	32	32	50
"K03281"	193	235	809	348	540	760
"K03282"	650	904	1145	1148	1118	1027
"K03284"	1476	1833	1664	1706	2379	2354
"K03292"	1540	1755	3331	4237	6018	5974
"K03294"	450	670	3180	801	1179	1072
"K03299"	85	117	203	252	376	622
"K03300"	114	146	188	298	475	408
"K03303"	6315	9370	2619	3519	2319	9442
"K03305"	289	392	956	716	1089	1687
"K03306"	255	388	386	426	568	721
"K03307"	1108	1157	2685	2480	4192	4964
"K03308"	4844	6720	4687	7211	8878	8919
"K03310"	2348	2473	3671	4271	6621	8240
"K03311"	117	137	298	630	572	948
"K03312"	501	581	660	752	1493	1526
"K03313"	101	102	248	248	376	536
"K03315"	256	276	281	367	577	727
"K03320"	777	884	1197	1494	2716	3029
"K03321"	382	564	429	848	1342	910
"K03322"	184	239	753	358	456	701
"K03324"	2603	3320	3604	3903	4602	5318
"K03326"	93	129	143	254	405	507
"K03327"	200	225	501	554	870	1244
"K03332"	517	568	708	921	1375	1852
"K03340"	325	455	936	475	551	755
"K03348"	1	1	1	3	4	8
"K03385"	295	300	530	636	1086	1459
"K03386"	434	1207	12295	337	387	716
"K03387"	163	188	3042	386	553	888
"K03388"	18	12	33	63	74	124
"K03389"	5	5	23	34	40	110
"K03390"	7	6	20	28	34	47
"K03394"	358	344	525	379	708	886
"K03402"	613	775	1260	1020	999	1338
"K03404"	12	15	11	66	85	115
"K03405"	31	19	42	163	178	288
"K03406"	19106	24761	21955	12075	14415	14576
"K03407"	4783	7065	5682	3196	3199	2764
"K03408"	1196	1788	1612	722	865	801
"K03410"	788	1112	952	613	777	587
"K03411"	553	708	730	504	679	635
"K03412"	2004	2861	2663	1212	1648	1371
"K03413"	1345	1896	1513	925	1073	1102
"K03415"	2498	3881	2532	1889	1305	1295
"K03424"	1494	1792	2275	2377	2742	3479
"K03426"	544	563	802	849	1362	1780
"K03427"	2215	2652	3347	4725	6431	6032
"K03429"	468	528	581	857	1025	1153
"K03430"	16	17	38	44	64	111
"K03431"	2145	2723	3242	3505	3546	4359
"K03436"	1719	1921	5003	1749	1837	4803
"K03437"	787	1079	1197	2610	2681	2843
"K03438"	3991	5527	7513	9452	8451	13124
"K03439"	586	672	1208	1413	1756	1988
"K03442"	1246	1987	1336	1215	1374	1406
"K03451"	0	0	1	0	0	0
"K03453"	359	411	745	825	1472	1579
"K03455"	583	946	1890	1047	1693	2300
"K03457"	38	18	78	148	184	260
"K03465"	247	247	683	862	1036	1018
"K03466"	3922	4643	6559	7913	11490	12182
"K03469"	340	437	500	918	1174	1204
"K03470"	777	875	1099	1461	1724	2049
"K03473"	200	335	639	339	472	678
"K03474"	90	164	426	178	280	393
"K03484"	658	885	1000	298	603	834
"K03488"	374	483	1130	306	331	747
"K03491"	20	27	4	15	52	57
"K03495"	1720	1993	3051	4418	5430	6294
"K03496"	2912	3589	4329	6131	7960	8872
"K03497"	2985	3283	4287	6023	8222	8494
"K03498"	2961	3776	5762	7293	8188	8536
"K03499"	2605	3426	4743	6285	6310	6913
"K03500"	1089	1336	2615	2687	3071	3633
"K03501"	711	865	1568	1527	1957	2135
"K03502"	2090	2211	5481	4247	4649	5593
"K03503"	12	8	38	20	27	34
"K03517"	642	887	1226	756	1272	1416
"K03518"	595	734	965	747	809	1275
"K03521"	10846	17083	7785	3617	2995	14088
"K03522"	12749	20882	9382	4741	3627	17518
"K03523"	538	541	1033	962	1573	1706
"K03524"	1587	1963	1898	3613	3551	3685
"K03525"	999	1268	1970	3394	3841	3669
"K03526"	1573	2085	5031	2710	3080	3978
"K03527"	1009	1471	1576	566	889	1257
"K03529"	1887	2333	2749	3135	3834	5389
"K03530"	5681	9387	16706	8354	5393	8366
"K03531"	4667	7188	6873	8184	6593	8747
"K03534"	76	105	187	116	176	239
"K03536"	801	1064	1042	1525	1555	1853
"K03543"	128	134	271	395	579	815
"K03544"	2969	4053	5805	5069	5164	7729
"K03545"	5151	7173	11629	15717	12576	18439
"K03546"	870	966	1589	1588	1935	2215
"K03547"	497	540	763	828	1119	1413
"K03550"	593	714	1258	1473	1519	1876
"K03551"	1183	1436	2969	2918	3240	3718
"K03553"	2014	2826	4407	4520	3910	4305
"K03555"	2202	2784	3521	4395	5542	6516
"K03559"	96	147	316	136	209	268
"K03561"	1238	2692	9026	973	1312	1575
"K03563"	400	604	325	288	385	352
"K03564"	289	441	811	203	418	681
"K03565"	485	611	569	546	788	923
"K03569"	2679	3453	7643	6684	6631	7465
"K03570"	847	1130	2290	2165	2083	2494
"K03571"	254	285	302	142	190	314
"K03572"	1984	2238	2439	3292	4309	5210
"K03574"	568	597	705	730	1126	1258
"K03575"	493	473	738	1443	1628	2296
"K03581"	2036	2269	3049	3835	4820	4908
"K03584"	786	1116	1496	1824	2111	2589
"K03585"	565	754	1361	1152	1687	2374
"K03587"	393	655	2474	510	865	1070
"K03588"	2105	3321	4666	3267	3520	4215
"K03589"	133	198	653	159	213	280
"K03590"	210	403	1398	314	441	606
"K03593"	160	178	481	318	443	686
"K03594"	186	171	511	140	153	181
"K03595"	1287	1677	2773	3325	3324	3511
"K03596"	2013	2672	3933	3277	4273	5150
"K03601"	1714	2264	2366	2909	2963	3622
"K03602"	14	9	7	29	37	43
"K03606"	399	506	918	1036	1809	2323
"K03608"	267	357	305	146	244	409
"K03609"	2668	3540	2208	2254	2151	2820
"K03610"	524	675	642	364	623	849
"K03612"	1718	2505	4719	4920	3237	4891
"K03613"	2711	3898	6487	6971	5134	6927
"K03614"	3369	4606	8389	9981	7357	9702
"K03615"	4257	5548	9008	11828	8521	12672
"K03616"	3615	4901	9832	9784	6647	9988
"K03617"	2454	3373	6931	6863	4711	6532
"K03621"	1345	1588	1858	1682	2003	2790
"K03624"	1260	1644	2714	3185	2795	3556
"K03625"	877	1303	2865	1822	1699	2044
"K03628"	1481	1901	1888	1072	1416	2302
"K03629"	1282	1699	3332	3802	3983	4809
"K03630"	1086	1405	1973	1739	2686	3040
"K03631"	2187	2681	4723	3473	3934	4948
"K03637"	259	293	413	1060	857	1108
"K03639"	472	552	709	2433	1848	2024
"K03644"	119	148	330	224	363	508
"K03648"	450	580	781	666	1123	1259
"K03650"	1137	1290	2344	3325	3728	3889
"K03654"	3597	6096	9958	4532	7345	8634
"K03655"	3415	4287	5740	4978	7338	8974
"K03657"	4313	4902	6909	7508	10955	13122
"K03660"	451	471	559	668	1141	1253
"K03664"	1037	1346	2415	4987	2947	3402
"K03665"	1524	2209	3193	3524	3914	4372
"K03666"	306	537	116	175	140	174
"K03671"	4830	6970	8046	10907	6816	10091
"K03685"	480	584	1032	1262	1440	1978
"K03686"	3508	4678	5710	5999	4825	6897
"K03687"	2497	2889	4072	2429	1801	2639
"K03688"	1656	2173	3268	828	1289	2069
"K03695"	6266	8307	15962	8445	6283	11028
"K03696"	3132	4366	7533	4394	5514	6022
"K03698"	672	817	710	333	660	922
"K03699"	1101	1674	1852	1696	1567	1853
"K03700"	251	308	320	193	332	478
"K03701"	3647	4482	7441	8277	8781	9889
"K03702"	2085	2501	3594	4540	5375	5455
"K03703"	1825	2284	4803	4262	4977	5118
"K03704"	879	1143	1606	2046	1412	1823
"K03705"	2959	3643	5781	3696	2932	3867
"K03706"	376	517	721	370	538	712
"K03707"	9	31	7	9	11	27
"K03710"	804	1128	1715	2870	2301	2854
"K03711"	670	1208	1545	1107	1274	1561
"K03716"	298	311	426	281	549	711
"K03718"	358	886	1335	316	315	479
"K03719"	189	240	374	455	671	838
"K03722"	550	632	1293	1821	2266	2183
"K03723"	2576	2774	4383	6265	7889	9041
"K03733"	2396	4899	9520	813	726	929
"K03734"	1812	2667	1966	2903	2870	3637
"K03735"	300	315	264	762	676	896
"K03736"	209	212	168	501	413	647
"K03737"	68964	112965	77056	74628	41641	93598
"K03741"	49	96	156	132	175	327
"K03742"	627	839	2065	2086	2130	2633
"K03744"	332	508	1203	538	762	920
"K03748"	3	4	25	20	24	38
"K03750"	148	128	149	2091	1219	948
"K03752"	64	42	59	20	25	13
"K03753"	36	49	67	706	473	407
"K03758"	268	145	46	185	153	203
"K03763"	4185	5028	9968	7358	8999	10109
"K03768"	1840	2351	3104	6441	5049	5490
"K03769"	69	172	38	39	37	153
"K03770"	335	764	2320	319	508	599
"K03771"	349	555	2072	627	888	1187
"K03773"	339	545	2874	495	716	1051
"K03775"	401	786	1509	216	223	279
"K03778"	518	979	1548	569	806	1212
"K03779"	323	306	472	312	538	659
"K03780"	297	294	500	323	675	792
"K03781"	367	332	2986	438	219	310
"K03783"	535	663	1275	920	1232	1911
"K03784"	912	1049	1962	3365	3009	2981
"K03785"	515	547	649	660	1044	1053
"K03786"	247	295	610	695	739	779
"K03787"	226	309	445	318	467	553
"K03789"	397	525	379	387	486	635
"K03790"	574	598	871	896	1442	1564
"K03797"	2170	2584	5130	3552	4392	5664
"K03798"	7581	10556	18943	20558	15626	21533
"K03799"	87	127	333	159	260	395
"K03800"	222	287	331	530	556	628
"K03801"	88	156	339	148	277	330
"K03803"	33	31	82	124	135	210
"K03811"	33	23	83	108	192	225
"K03814"	544	777	1017	332	396	499
"K03816"	1065	1373	2098	2016	2334	2357
"K03818"	90	99	175	217	454	517
"K03823"	439	489	663	1321	1505	1345
"K03825"	14	23	21	112	113	128
"K03826"	49	59	27	9	43	46
"K03827"	156	158	377	490	689	906
"K03830"	93	75	325	314	260	295
"K03832"	3113	5120	10043	4462	3057	4756
"K03839"	452	645	1267	446	447	606
"K03856"	400	360	1120	1597	1780	2120
"K03885"	1355	2253	1983	740	678	817
"K03900"	9	5	8	26	46	33
"K03924"	2149	3010	2824	3549	4018	3529
"K03925"	1174	1752	1655	1282	1222	1928
"K03929"	682	628	1243	1424	1473	1298
"K03975"	48	63	112	162	250	313
"K03976"	582	664	1110	662	1191	1309
"K03977"	2137	2634	4232	3773	3558	4151
"K03978"	705	878	1833	1372	1506	1871
"K03979"	1503	1554	4346	3450	3413	3717
"K04019"	185	165	206	685	527	770
"K04023"	133	129	131	475	475	576
"K04024"	604	1023	468	698	621	1739
"K04026"	167	204	129	332	294	433
"K04027"	128	111	99	378	270	344
"K04028"	165	317	98	259	226	636
"K04029"	153	219	237	483	433	639
"K04030"	50	72	74	156	188	225
"K04031"	126	155	206	314	325	499
"K04032"	150	154	129	389	349	371
"K04041"	1781	1974	3203	3234	5018	6375
"K04042"	1068	1347	1376	2119	2015	2054
"K04043"	13263	17737	32284	16479	11956	18525
"K04045"	24	53	4	62	63	130
"K04047"	210	675	11015	138	184	249
"K04061"	163	187	165	131	202	247
"K04066"	1949	2473	4237	4910	5390	6936
"K04068"	750	889	1153	1374	1604	1730
"K04069"	1692	2543	4397	6965	4794	5667
"K04070"	565	538	821	1093	1840	1645
"K04072"	7690	11014	1824	7138	3412	3048
"K04074"	297	269	258	558	384	303
"K04075"	1365	1724	3074	3167	3332	4135
"K04077"	11525	13506	31019	13221	8134	12464
"K04078"	2305	2633	4957	2237	1571	2269
"K04079"	4223	5518	10991	5482	6097	8491
"K04083"	844	1050	2768	1837	1797	2105
"K04084"	360	597	1813	616	974	1282
"K04094"	591	607	858	1653	1986	2219
"K04095"	522	672	332	838	1046	586
"K04096"	1139	1419	1391	3158	3395	3598
"K04257"	93	95	176	102	266	248
"K04320"	7	9	1	0	1	1
"K04377"	66	136	27	113	159	43
"K04477"	233	286	210	367	521	539
"K04485"	1218	1338	2106	2461	3494	3912
"K04486"	1438	1867	2704	3152	3916	4212
"K04487"	3043	3275	6537	9164	7251	9551
"K04488"	684	769	1606	1904	1378	1994
"K04510"	43	37	96	111	119	389
"K04516"	128	220	742	250	358	436
"K04517"	601	693	1169	1378	1758	1817
"K04518"	77	114	267	204	343	424
"K04562"	335	402	542	259	593	694
"K04564"	4898	9435	9163	1446	937	1027
"K04565"	7	8	15	79	84	89
"K04566"	133	380	61	132	164	392
"K04567"	3615	4975	8250	7962	7701	9144
"K04615"	3	1	6	11	15	19
"K04651"	31	27	30	12	26	5
"K04652"	52	59	70	19	24	12
"K04653"	8	14	9	9	17	45
"K04654"	32	67	54	59	148	363
"K04655"	32	84	72	62	99	306
"K04656"	67	148	143	142	200	619
"K04710"	39	49	44	78	164	133
"K04712"	6	6	12	5	13	12
"K04720"	925	1019	1710	1614	2458	2864
"K04751"	77	92	120	167	151	525
"K04758"	1472	2533	13724	2143	1647	2382
"K04759"	8149	14057	74117	10281	11125	13809
"K04760"	4	3	5	5	22	18
"K04761"	128	174	279	301	440	646
"K04762"	63	101	191	163	225	357
"K04763"	624	832	936	1422	1784	1669
"K04765"	649	899	3792	2688	1437	1842
"K04769"	500	450	738	1076	1508	1342
"K04771"	3677	4372	7111	6954	4312	8828
"K04773"	248	462	1186	499	750	1023
"K04783"	6	10	3	16	47	97
"K04784"	12	58	17	79	172	412
"K04794"	66	70	174	208	255	254
"K04803"	2	1	16	24	32	42
"K04833"	836	988	130	527	402	376
"K04836"	1	5	18	17	18	45
"K04844"	81	104	68	35	44	20
"K04858"	2	5	1	2	2	8
"K04873"	17	7	32	20	42	71
"K04996"	43	54	11	21	22	104
"K05291"	65	61	136	199	277	223
"K05306"	9	12	34	39	67	128
"K05310"	13	4	6	20	7	70
"K05337"	51	57	90	240	220	167
"K05340"	66	119	441	64	96	113
"K05341"	525	614	1352	29693	17768	16054
"K05343"	999	1319	546	1059	1216	1032
"K05346"	87	194	5	25	36	326
"K05349"	12437	15149	18866	19746	27289	34742
"K05350"	85	67	91	42	76	187
"K05352"	72	153	16	119	96	297
"K05364"	653	675	955	926	1484	2105
"K05366"	3190	4105	7194	8140	7993	10418
"K05367"	194	265	427	531	844	1106
"K05450"	179	287	1139	951	574	718
"K05499"	1217	1500	643	781	736	743
"K05515"	2266	2843	5424	5464	5807	6821
"K05516"	352	453	1694	406	377	601
"K05520"	182	227	82	154	157	840
"K05542"	15	15	15	37	36	37
"K05566"	52	60	7	36	21	161
"K05567"	9	15	5	10	3	71
"K05568"	196	225	61	97	113	1001
"K05569"	12	9	3	13	6	34
"K05592"	2533	3156	2725	2834	3770	4292
"K05593"	302	354	930	985	1330	869
"K05595"	286	451	979	636	1067	1450
"K05601"	1107	1285	1529	1814	3091	3081
"K05606"	1221	1458	1217	3717	2119	2695
"K05717"	20	14	59	52	92	124
"K05770"	67	84	36	189	324	183
"K05776"	109	152	288	334	511	739
"K05787"	35	43	64	97	148	188
"K05795"	104	121	133	56	73	49
"K05799"	238	338	100	263	255	575
"K05807"	148	286	1287	137	170	216
"K05808"	14146	20835	18527	10257	5913	4061
"K05810"	479	494	892	680	949	1195
"K05813"	24	50	141	76	77	302
"K05814"	6	7	18	17	37	123
"K05815"	3	3	25	14	15	105
"K05820"	32	27	69	171	174	199
"K05825"	1091	1365	824	871	1228	1347
"K05832"	860	1008	1618	5214	6899	3483
"K05833"	788	958	1507	4437	6434	3004
"K05837"	1703	2092	2495	2204	2668	3466
"K05845"	100	82	109	289	341	405
"K05847"	41	53	61	198	238	284
"K05873"	17	25	0	14	12	31
"K05878"	526	975	204	817	560	2140
"K05879"	116	210	37	152	105	383
"K05881"	87	133	28	94	66	269
"K05895"	179	163	379	742	610	816
"K05896"	599	750	698	961	1189	1309
"K05919"	1790	2600	3153	5863	4065	6880
"K05934"	507	502	720	954	1115	1571
"K05936"	582	636	1120	1234	1547	2023
"K05942"	343	422	666	350	780	920
"K05946"	249	278	348	441	609	1028
"K05970"	1591	2448	4463	3576	5730	7004
"K05985"	174	224	426	699	922	833
"K05988"	178	194	408	435	619	902
"K05989"	1388	1730	3136	2815	4332	6111
"K05995"	947	1105	2479	1563	1799	1745
"K06001"	817	1224	1469	1302	1863	1859
"K06012"	486	484	585	1024	1561	1434
"K06015"	17	17	41	114	139	103
"K06016"	127	148	43	615	842	890
"K06023"	1547	1923	1801	1596	2084	2296
"K06024"	531	619	562	943	1146	1218
"K06041"	187	302	569	389	362	343
"K06042"	414	401	750	753	972	1339
"K06067"	55	105	23	49	63	167
"K06113"	341	409	782	509	805	1025
"K06131"	2728	3096	6726	5566	6895	8424
"K06133"	437	463	478	570	969	1204
"K06142"	365	704	3080	277	413	464
"K06143"	108	185	329	279	464	708
"K06147"	14420	16770	22661	27557	40019	37537
"K06153"	1049	1389	1660	2073	2239	3066
"K06156"	106	89	54	21	48	19
"K06158"	2185	2430	5221	4479	6018	7588
"K06167"	85	108	278	276	301	550
"K06168"	1603	2019	2728	4304	4157	5057
"K06173"	1050	1262	1964	2007	2580	3585
"K06177"	147	192	357	343	559	795
"K06178"	621	805	1692	1513	1565	1638
"K06179"	922	1088	1286	1896	2490	2424
"K06180"	2085	2516	4519	5864	6477	7866
"K06182"	260	322	360	253	516	670
"K06183"	450	476	661	648	965	1396
"K06187"	887	1043	2637	2050	2056	2657
"K06188"	792	2209	3541	510	542	749
"K06196"	77	82	153	302	214	492
"K06199"	178	191	256	219	365	541
"K06200"	486	548	951	811	1431	1471
"K06201"	474	477	950	789	1161	1716
"K06206"	333	344	630	611	900	1269
"K06207"	2135	2790	6327	7774	6859	7973
"K06209"	361	399	608	523	653	810
"K06213"	1549	1933	4402	4572	3844	4291
"K06215"	347	367	514	557	996	901
"K06217"	1151	1522	2378	3145	3210	3221
"K06223"	1619	2588	3096	2311	3038	2689
"K06283"	275	306	329	734	811	616
"K06284"	1741	2966	1543	3265	2413	2656
"K06287"	1195	1739	1838	1572	1700	2300
"K06295"	144	152	207	501	738	749
"K06306"	17	16	25	384	454	212
"K06310"	527	480	666	592	1120	1352
"K06330"	23	8	68	65	152	441
"K06333"	30	46	25	838	922	334
"K06334"	151	149	50	1315	1622	506
"K06346"	970	1346	1446	2134	1851	2605
"K06373"	119	113	64	318	375	240
"K06374"	163	205	198	346	434	217
"K06378"	213	187	239	388	658	652
"K06379"	271	283	329	562	1016	967
"K06381"	1379	1449	1958	2813	3942	4648
"K06382"	1239	1301	1522	2508	3705	3949
"K06383"	110	91	66	471	508	277
"K06385"	625	584	871	1302	2152	2273
"K06387"	387	415	501	835	1384	1359
"K06390"	406	397	528	802	1251	1288
"K06392"	99	71	120	116	204	195
"K06393"	74	73	106	107	196	194
"K06394"	377	344	538	592	1034	1176
"K06396"	176	148	179	129	295	348
"K06397"	262	241	351	487	540	755
"K06398"	844	734	951	2109	2483	2271
"K06399"	738	658	879	1739	2598	2252
"K06403"	195	171	308	223	515	662
"K06404"	125	112	242	188	394	510
"K06405"	281	251	417	662	850	713
"K06406"	582	562	698	1112	1859	1778
"K06407"	232	261	352	480	816	880
"K06409"	1280	1492	1698	2254	3246	3700
"K06410"	411	380	463	1178	1601	1260
"K06411"	349	335	460	1707	2081	1447
"K06412"	806	1095	1441	652	814	1414
"K06416"	524	688	253	207	237	192
"K06438"	288	313	240	674	1060	628
"K06442"	822	1001	1968	1461	1461	1967
"K06518"	211	219	307	603	669	810
"K06603"	696	785	998	143	264	315
"K06714"	82	82	141	416	503	666
"K06726"	13	4	12	25	42	28
"K06839"	55	69	10	120	196	50
"K06859"	13	12	10	42	47	71
"K06861"	85	125	345	187	272	401
"K06864"	174	182	147	252	220	421
"K06871"	1665	2023	3222	3895	4327	5160
"K06872"	1331	2196	4151	2919	2736	3469
"K06877"	489	585	1532	2449	2822	2630
"K06880"	141	148	68	62	83	23
"K06881"	1105	1522	3595	3351	3489	4565
"K06885"	117	142	287	234	456	557
"K06889"	1734	2073	3373	2940	4035	5818
"K06890"	4133	4155	8886	10867	4903	9471
"K06894"	905	1592	2951	1202	1675	2255
"K06895"	1098	551	166	240	155	146
"K06896"	1	8	1	4	25	23
"K06897"	144	230	240	504	562	1026
"K06898"	97	150	86	198	201	319
"K06901"	1540	2009	1777	1434	1963	2839
"K06902"	833	987	1545	1509	1569	2010
"K06904"	1	0	13	9	22	54
"K06905"	16	13	24	87	70	69
"K06907"	174	191	136	305	439	278
"K06908"	4	13	10	42	55	46
"K06909"	23	16	31	74	154	161
"K06911"	1353	2156	4104	1160	602	841
"K06915"	66	112	239	128	301	290
"K06919"	539	498	725	6551	2387	1797
"K06920"	103	140	261	209	286	429
"K06921"	2136	2343	3905	2717	4944	5730
"K06923"	906	1144	1291	1595	2330	2504
"K06925"	542	646	902	798	972	1401
"K06928"	17	8	22	52	47	87
"K06934"	194	205	297	138	332	412
"K06940"	91	90	97	95	111	164
"K06941"	1273	1927	3395	2451	2812	3404
"K06942"	1995	2788	4726	2939	2905	4064
"K06946"	129	122	42	31	41	7
"K06949"	1169	1359	3023	2651	2836	3674
"K06950"	1787	2334	3851	3799	2401	3333
"K06952"	20	24	4	20	43	79
"K06958"	895	1221	1532	1320	1557	1985
"K06959"	1539	1802	2145	2301	4040	4915
"K06960"	1716	2333	5527	4770	3579	3983
"K06967"	823	999	891	1392	1431	1574
"K06969"	2168	2390	4227	4439	5533	6679
"K06970"	120	85	219	237	398	569
"K06972"	1499	2015	3159	2516	3120	4033
"K06973"	590	832	2164	794	1084	1334
"K06975"	797	1425	1627	287	212	245
"K06978"	140	110	156	241	405	302
"K06987"	798	1066	475	1145	1721	1371
"K06989"	113	187	388	207	275	340
"K06993"	286	299	421	268	493	633
"K06996"	38	49	89	76	124	180
"K06997"	1422	1972	2129	1828	1897	2187
"K07001"	1088	1824	3768	2482	3455	3955
"K07003"	1315	1027	6156	1547	2767	2814
"K07005"	329	327	402	468	609	708
"K07009"	119	124	57	137	297	98
"K07010"	159	167	478	379	441	611
"K07012"	1041	1150	1357	1155	2424	1986
"K07015"	528	675	841	1166	1346	1459
"K07016"	225	240	117	64	82	14
"K07023"	272	295	341	447	622	889
"K07025"	812	929	1148	750	1459	1831
"K07027"	1061	1153	1479	2057	2730	2962
"K07029"	31	36	7	34	58	113
"K07030"	8567	10228	23245	12802	10666	14615
"K07031"	23	9	59	57	68	123
"K07035"	333	318	341	614	720	876
"K07037"	275	456	877	451	669	933
"K07038"	2	5	2	17	24	28
"K07040"	4684	6335	18641	24411	15820	19384
"K07042"	589	794	1126	1549	1575	1421
"K07043"	576	615	955	1391	1788	2097
"K07045"	417	550	165	689	1119	558
"K07048"	44	45	45	107	165	202
"K07052"	2336	2729	3818	3318	5210	5203
"K07053"	148	209	212	456	500	869
"K07056"	1083	1509	2389	3362	3024	3277
"K07058"	719	842	1373	960	1312	2079
"K07069"	102	64	272	487	333	1584
"K07071"	629	965	1055	510	586	745
"K07075"	1241	1707	2452	1133	1035	1512
"K07078"	1655	2919	2451	481	317	406
"K07079"	600	715	1219	1883	2274	2572
"K07080"	363	426	374	453	865	812
"K07082"	1132	1541	1496	2095	2301	2521
"K07085"	487	516	1261	1155	1572	2196
"K07088"	1410	1640	1812	1960	3018	3442
"K07089"	694	547	2145	2303	1219	1803
"K07090"	1121	1241	1565	3113	3849	3772
"K07091"	189	226	798	387	576	845
"K07095"	912	1147	1322	2274	2290	2331
"K07098"	718	929	754	1155	1684	2029
"K07099"	502	572	728	1183	1318	1280
"K07105"	464	430	801	818	1001	1211
"K07106"	70	99	167	193	341	454
"K07107"	430	572	767	524	704	823
"K07112"	7	24	77	156	232	376
"K07114"	385	528	1654	872	1362	1894
"K07115"	108	216	288	261	341	379
"K07118"	585	887	1232	854	638	768
"K07124"	680	764	794	1031	1415	1584
"K07126"	1371	1463	2899	2662	3969	4963
"K07133"	4582	6087	9499	6781	11723	12737
"K07137"	2778	3462	5485	6106	7225	8154
"K07138"	498	565	912	1598	1407	1545
"K07139"	694	889	864	960	1427	1578
"K07141"	290	350	724	867	873	1307
"K07148"	209	235	504	557	895	1194
"K07149"	5	4	5	6	27	27
"K07150"	1032	922	4358	1429	1351	1402
"K07154"	948	1255	1495	2027	3402	3406
"K07161"	5	5	0	13	32	76
"K07164"	149	239	812	123	192	235
"K07166"	460	583	670	668	711	855
"K07171"	820	932	1177	2716	3675	2935
"K07172"	145	169	210	280	358	504
"K07173"	309	361	592	392	597	715
"K07175"	1303	2407	3534	998	590	762
"K07192"	2502	3707	3930	2021	1786	3502
"K07216"	277	278	530	276	534	593
"K07217"	15	23	18	97	110	68
"K07219"	2	6	1	11	41	60
"K07220"	248	317	262	268	322	427
"K07221"	111	115	230	322	544	794
"K07223"	598	1046	1812	294	379	488
"K07238"	833	970	1391	2168	2888	3326
"K07240"	1136	1463	2642	2927	3517	4688
"K07250"	7	11	4	16	69	79
"K07258"	5133	6299	6478	10803	11133	10979
"K07259"	123	148	328	330	521	640
"K07260"	894	1004	1197	2551	2888	2395
"K07263"	317	655	2374	526	785	986
"K07271"	423	504	677	742	1110	1202
"K07272"	173	193	220	613	652	1569
"K07273"	70	87	238	308	409	526
"K07277"	227	365	1388	513	836	1022
"K07284"	496	651	1225	522	958	1270
"K07301"	1352	1664	4831	4805	4263	4868
"K07313"	211	284	91	430	947	280
"K07315"	7	9	4	26	23	59
"K07316"	740	1089	1896	1752	2560	2297
"K07319"	56	66	131	119	160	223
"K07322"	365	836	2544	243	289	382
"K07335"	10216	12568	34925	27271	16261	24507
"K07341"	84	81	113	152	118	167
"K07377"	10	9	7	39	44	39
"K07386"	249	371	1114	424	638	790
"K07387"	81	110	367	215	299	400
"K07391"	1365	1831	1815	3242	4070	3916
"K07402"	1332	1476	3298	3175	3173	3800
"K07404"	118	120	279	153	143	307
"K07405"	421	1004	1778	306	414	606
"K07406"	45	20	42	80	130	128
"K07407"	4421	5294	5717	5721	8512	8755
"K07441"	8	25	53	21	20	27
"K07443"	88	123	116	154	222	289
"K07444"	1249	1366	2198	2397	2745	3417
"K07447"	817	1128	1809	629	895	1261
"K07448"	905	1230	170	1246	1015	370
"K07452"	100	165	177	205	403	538
"K07455"	5	12	18	41	65	93
"K07456"	2446	2989	4423	6104	6439	7784
"K07458"	94	71	133	144	264	306
"K07460"	453	524	638	736	1061	1083
"K07461"	63	74	124	63	139	162
"K07462"	1794	2198	3852	4130	4944	5571
"K07464"	362	505	462	392	655	717
"K07466"	5	9	39	17	31	31
"K07467"	356	303	239	222	369	293
"K07473"	3371	4005	6474	5713	4273	5011
"K07474"	3	3	12	17	27	40
"K07478"	1121	1200	1832	3266	3575	3952
"K07481"	1820	2754	3154	2691	3977	5243
"K07483"	166	210	124	123	144	117
"K07484"	1384	1580	1619	1557	2817	3075
"K07491"	355	505	168	760	1232	800
"K07496"	1521	2293	2769	915	1274	2768
"K07497"	151	228	50	254	359	729
"K07502"	508	679	883	330	681	869
"K07504"	253	225	125	188	184	162
"K07507"	91	145	248	467	564	688
"K07533"	47	61	211	384	326	341
"K07552"	32	17	47	104	103	192
"K07559"	123	177	38	352	417	119
"K07560"	530	715	1020	1128	1350	1394
"K07566"	1811	2464	2422	1537	2333	2884
"K07568"	786	1090	1731	2179	2826	3068
"K07571"	347	383	1110	2597	1737	1564
"K07574"	297	312	424	534	557	658
"K07576"	6099	6943	9712	4201	3950	5140
"K07584"	1438	1979	2344	1595	1301	1880
"K07588"	1032	1088	972	9000	5209	3363
"K07590"	5	13	84	64	40	32
"K07612"	0	2	3	1	6	8
"K07636"	1575	2221	3640	2371	3312	3482
"K07646"	2667	3792	4783	8814	8292	7148
"K07650"	27	32	48	115	100	148
"K07652"	33	39	79	369	263	221
"K07657"	3	9	24	21	22	117
"K07658"	409	450	531	865	1288	1196
"K07667"	1013	1319	1885	3774	3733	3041
"K07668"	19	17	45	144	114	113
"K07699"	881	1141	1012	1523	1804	1389
"K07706"	0	3	9	2	16	10
"K07707"	3	4	3	4	4	11
"K07713"	332	530	1115	1037	1568	2139
"K07718"	1830	2306	3847	2399	3577	4660
"K07720"	2537	2906	4391	2806	4395	5447
"K07726"	284	248	517	450	688	1050
"K07727"	207	238	266	817	624	469
"K07729"	446	626	1609	403	573	832
"K07735"	275	453	663	213	257	354
"K07736"	766	1087	1226	606	529	538
"K07738"	827	1111	1713	1143	1313	1480
"K07742"	350	359	684	1510	1414	1368
"K07750"	23	17	56	168	149	170
"K07770"	28	27	26	70	92	76
"K07777"	642	898	942	177	437	413
"K07783"	306	293	593	786	1223	1794
"K07791"	536	1061	1456	465	510	701
"K07793"	68	67	152	254	347	587
"K07813"	319	329	567	1375	1447	860
"K07814"	208	272	129	131	213	425
"K07816"	1312	1700	2274	1045	1761	2082
"K07862"	173	203	109	330	487	437
"K07979"	1025	1283	2498	1175	1985	2076
"K08115"	1	6	2	8	10	8
"K08138"	122	185	500	309	521	640
"K08151"	0	0	0	0	1	0
"K08156"	92	97	189	304	455	662
"K08159"	18	37	9	15	58	101
"K08169"	166	169	430	313	423	609
"K08177"	104	102	133	283	452	498
"K08191"	144	221	666	431	719	959
"K08202"	115	89	181	91	283	241
"K08217"	403	418	3214	3998	2574	1937
"K08218"	309	406	850	586	777	1085
"K08222"	107	101	167	231	419	479
"K08223"	64	73	174	223	336	480
"K08234"	90	155	187	79	232	270
"K08289"	110	187	585	263	323	489
"K08301"	949	1522	2146	747	1119	1497
"K08303"	2771	3392	6510	6595	7738	8618
"K08307"	114	130	367	227	378	523
"K08309"	231	302	237	564	722	499
"K08323"	36	34	43	101	131	170
"K08325"	343	641	1133	345	446	608
"K08383"	28	23	24	38	58	45
"K08384"	3542	4777	5384	5279	6134	7938
"K08414"	16	17	13	34	46	74
"K08483"	10095	13873	12846	9672	8688	11345
"K08591"	1376	1678	2160	2300	2627	2901
"K08600"	2002	2437	2959	4569	4145	5769
"K08602"	806	958	1280	724	1282	1720
"K08641"	82	105	159	206	348	423
"K08659"	502	507	1651	1301	1167	1609
"K08678"	212	274	849	181	217	356
"K08679"	76	84	168	178	409	429
"K08681"	266	306	425	399	725	716
"K08717"	8	7	34	29	42	76
"K08722"	28	22	83	182	187	340
"K08737"	165	181	59	194	333	118
"K08744"	376	519	293	480	669	502
"K08867"	55	45	15	28	35	20
"K08961"	366	398	746	1205	1846	2369
"K08963"	199	189	192	371	327	259
"K08968"	24	112	220	109	134	181
"K08974"	451	628	176	375	591	194
"K08978"	551	628	570	753	1068	1058
"K08998"	374	472	579	1047	1013	1305
"K08999"	78	186	365	130	216	255
"K09002"	68	78	51	32	38	8
"K09011"	81	111	241	208	338	442
"K09013"	943	1226	1646	1198	1427	1920
"K09014"	495	907	1833	509	482	713
"K09015"	343	557	1454	326	370	440
"K09022"	2286	3281	2529	2126	1913	5522
"K09117"	803	1244	2315	492	695	1145
"K09121"	229	262	163	288	280	494
"K09125"	70	69	175	157	238	350
"K09133"	19	14	29	50	90	97
"K09155"	3	2	2	9	14	13
"K09157"	1795	2338	2554	2542	2796	3872
"K09163"	344	420	373	684	899	813
"K09181"	521	1022	2223	650	805	1183
"K09228"	112	118	65	325	638	214
"K09457"	56	85	139	90	175	241
"K09458"	2410	3816	4520	1626	2152	2296
"K09516"	14	8	51	41	60	118
"K09680"	7	12	3	17	15	44
"K09690"	317	395	433	939	875	1018
"K09691"	166	211	261	562	770	911
"K09692"	76	93	98	42	59	28
"K09693"	187	196	135	81	107	56
"K09696"	124	135	116	73	82	80
"K09697"	71	78	72	44	62	66
"K09702"	180	327	898	362	492	736
"K09704"	525	615	1003	1115	1688	2263
"K09706"	73	71	84	175	217	159
"K09707"	28	40	9	19	36	78
"K09710"	488	631	1241	1200	1163	1375
"K09747"	547	620	1584	1249	1253	1603
"K09748"	633	918	1626	1897	1338	1759
"K09749"	1630	1820	1814	1596	2032	1971
"K09758"	302	271	649	292	405	522
"K09759"	428	435	707	791	1264	1659
"K09760"	559	761	1840	1911	1983	1956
"K09761"	746	891	1293	1627	1744	1931
"K09762"	966	1218	1514	1325	1537	2377
"K09765"	540	575	1049	1012	1493	1728
"K09766"	221	232	381	173	334	364
"K09768"	146	190	164	256	408	368
"K09769"	722	1049	358	494	494	579
"K09770"	138	187	243	99	155	255
"K09772"	839	1036	2040	2421	2142	2889
"K09775"	400	602	1065	994	876	931
"K09777"	170	206	323	633	553	695
"K09779"	93	111	48	247	370	162
"K09787"	801	1023	3279	2255	1784	1948
"K09789"	23	38	86	108	177	285
"K09790"	49	47	167	141	176	262
"K09793"	66	72	123	147	186	312
"K09805"	427	716	130	567	599	158
"K09807"	170	223	346	348	620	639
"K09808"	216	223	657	443	807	1084
"K09809"	88	87	65	37	71	32
"K09810"	88	88	213	142	196	299
"K09811"	1554	2038	2897	1935	2175	3004
"K09812"	1430	1912	2533	1764	1779	2312
"K09815"	736	802	707	1127	1522	1627
"K09816"	654	774	788	941	1398	1545
"K09817"	571	643	545	897	1175	1299
"K09825"	7695	11657	8238	4410	2290	5170
"K09835"	27	17	67	124	146	513
"K09861"	324	443	734	480	798	1059
"K09888"	325	394	459	358	434	540
"K09903"	2629	3580	5174	3300	2997	3875
"K09922"	10	29	54	53	85	103
"K09924"	75	88	177	161	302	354
"K09935"	112	91	76	197	240	214
"K09936"	3	3	0	5	23	33
"K09939"	41	56	244	76	107	155
"K09951"	387	449	450	345	659	759
"K09952"	298	308	324	97	117	66
"K09955"	1039	1235	1537	1974	2997	3185
"K09960"	19	19	40	118	154	186
"K09961"	35	26	68	152	201	275
"K09967"	127	107	50	37	45	12
"K09973"	141	158	391	605	683	839
"K09974"	129	165	248	124	295	259
"K10009"	120	152	411	485	365	573
"K10010"	90	89	163	81	129	185
"K10012"	122	149	197	348	302	821
"K10026"	120	288	686	185	221	414
"K10036"	190	439	114	218	166	659
"K10038"	119	216	109	152	198	459
"K10112"	20468	30408	25693	50019	41611	33815
"K10117"	13955	20865	33895	10328	9449	13651
"K10118"	2160	2720	4654	1964	2875	3778
"K10119"	2134	2857	4849	1815	2622	3417
"K10188"	100	93	54	33	48	17
"K10189"	60	75	28	20	23	6
"K10190"	60	55	23	15	32	4
"K10192"	492	900	1047	761	839	875
"K10193"	120	161	218	241	363	286
"K10194"	118	185	297	255	359	321
"K10200"	903	985	1560	999	1729	2135
"K10201"	245	243	529	393	663	833
"K10202"	243	301	539	421	784	941
"K10206"	2033	2729	3508	3747	4199	4839
"K10254"	3058	3512	8973	6103	5032	7763
"K10352"	151	241	342	320	577	561
"K10395"	68	116	132	87	89	108
"K10396"	68	88	42	33	36	15
"K10413"	24	11	9	6	4	4
"K10414"	18	15	15	33	51	44
"K10439"	496	382	337	1046	902	922
"K10440"	106	91	198	349	500	799
"K10441"	227	171	195	569	723	1132
"K10536"	1075	1470	1023	856	1469	1804
"K10540"	21717	27837	38994	11941	10714	20029
"K10541"	7073	9739	13945	3954	3396	6345
"K10542"	5874	7285	12917	4584	4212	6558
"K10546"	1926	1723	536	4931	4794	8997
"K10547"	503	448	155	1352	1194	2393
"K10548"	715	573	256	1896	1614	3196
"K10587"	108	114	146	229	396	521
"K10596"	220	190	330	213	451	555
"K10685"	1	0	23	7	13	17
"K10709"	23	10	5	16	7	98
"K10710"	224	331	100	254	389	292
"K10716"	129	175	303	370	528	888
"K10773"	1061	1303	1756	2373	2615	2870
"K10776"	0	0	4	3	15	14
"K10778"	85	100	188	281	305	586
"K10797"	67	83	248	244	320	634
"K10820"	180	192	128	561	255	1073
"K10823"	1882	2362	3269	3133	2934	4495
"K10824"	55	52	70	150	232	193
"K10907"	1616	2033	2288	2990	2938	3699
"K10914"	5	4	0	123	69	330
"K10947"	152	197	297	293	488	672
"K11050"	12	27	12	18	53	72
"K11051"	73	103	44	50	62	58
"K11065"	1422	2855	2880	408	265	361
"K11068"	1054	1224	980	3918	2848	3571
"K11069"	798	1310	1585	2088	1954	3661
"K11070"	217	279	813	990	994	1803
"K11071"	546	766	1124	1279	1393	2294
"K11072"	745	1045	1818	2210	2277	3930
"K11085"	280	464	1327	391	669	824
"K11104"	779	875	1280	965	1678	1996
"K11105"	653	808	936	1497	2322	2473
"K11145"	489	494	1686	1248	1161	1220
"K11175"	1541	2109	1253	1134	1284	1573
"K11184"	46	77	21	43	31	185
"K11189"	8947	13998	20526	14774	12220	12554
"K11261"	15	18	29	113	108	116
"K11358"	987	1137	1343	1424	2077	2731
"K11381"	661	977	1551	629	579	789
"K11529"	284	257	516	1051	1153	1484
"K11534"	23	11	45	115	123	168
"K11537"	253	409	753	379	700	858
"K11645"	1395	2160	3009	976	846	1053
"K11691"	30	35	162	97	142	350
"K11717"	234	417	934	280	375	521
"K11720"	79	89	296	181	290	387
"K11741"	66	87	210	208	253	408
"K11749"	1576	1851	4031	2942	3096	3965
"K11751"	3855	5119	9066	6994	5003	5847
"K11752"	1188	1617	1328	1016	1591	2414
"K11753"	1182	1403	3255	2950	2783	4148
"K11754"	2294	3045	5067	30291	16742	12044
"K11755"	1088	1368	2056	1702	1773	2194
"K11824"	48	40	32	81	138	98
"K11840"	31	36	28	6	14	9
"K11866"	13	17	11	9	5	1
"K11927"	661	630	1886	2668	2091	2511
"K11928"	849	913	1214	1592	2547	2629
"K11991"	514	603	925	999	1491	1618
"K12132"	2911	3730	5576	4426	4831	6839
"K12137"	104	129	50	37	52	375
"K12236"	6	3	13	31	33	49
"K12251"	945	1343	1076	1045	1462	1862
"K12257"	1906	2734	7316	4354	4301	6228
"K12267"	4518	4218	11727	2912	2302	3211
"K12268"	341	373	707	358	762	1060
"K12269"	378	410	654	364	770	1159
"K12308"	3554	4358	4736	4779	7824	9854
"K12309"	32	21	83	127	164	302
"K12340"	214	214	401	488	858	1029
"K12343"	120	186	375	257	352	501
"K12373"	2322	3439	8126	4445	6789	9390
"K12410"	3159	4775	3005	3113	3102	3394
"K12452"	143	134	116	85	140	169
"K12506"	386	483	1075	1937	1949	1744
"K12510"	223	207	382	216	450	590
"K12524"	200	225	566	469	745	978
"K12527"	1959	2142	456	3485	3109	12355
"K12567"	1	1	5	19	28	19
"K12573"	2473	3150	3821	4196	5231	6278
"K12574"	2805	3556	4118	4963	5563	5767
"K12817"	5	5	11	16	24	22
"K12940"	26	17	27	76	94	84
"K12942"	151	201	427	327	469	771
"K12952"	2746	3691	4392	2524	3095	3932
"K12960"	445	603	398	812	724	556
"K12992"	60	105	80	50	62	100
"K13001"	11	16	38	18	41	57
"K13004"	5	2	0	6	15	14
"K13012"	243	206	643	872	828	972
"K13038"	893	1157	2730	2288	3024	3368
"K13043"	135	255	480	290	415	537
"K13049"	994	1491	195	1276	1118	418
"K13157"	0	1	1	0	2	5
"K13163"	29	21	10	2	6	0
"K13280"	175	138	254	167	308	386
"K13292"	898	870	1717	2367	2678	2830
"K13378"	109	107	344	243	383	479
"K13479"	216	234	118	443	316	483
"K13524"	73	87	135	61	133	132
"K13525"	11	14	38	88	134	181
"K13542"	477	441	672	842	1126	1468
"K13566"	82	91	325	213	337	410
"K13581"	7	6	16	40	41	82
"K13626"	783	1149	609	471	601	513
"K13652"	363	802	1218	515	850	1190
"K13653"	957	1645	234	663	789	445
"K13677"	351	456	452	803	1037	1556
"K13694"	74	80	157	221	321	455
"K13747"	1427	1752	4053	2055	2759	4289
"K13789"	1637	2144	3542	2229	2292	2652
"K13864"	3	5	13	21	31	57
"K13919"	1063	1991	365	1060	814	3025
"K13920"	873	1615	327	903	716	2614
"K13922"	827	1621	504	960	786	2665
"K13940"	25	24	16	14	34	104
"K13954"	280	232	354	446	943	863
"K13989"	20	18	34	108	118	91
"K13993"	6810	7141	15288	10892	2927	4792
"K14026"	54	95	14	43	54	124
"K14086"	7	11	24	21	55	152
"K14088"	2	0	5	7	11	32
"K14090"	6	8	35	33	71	184
"K14155"	1656	2183	6508	3515	4637	5138
"K14170"	1041	1274	1482	2134	2646	2930
"K14205"	13	15	1	24	24	59
"K14260"	448	630	637	328	608	902
"K14333"	6	7	16	48	63	64
"K14379"	33	24	60	106	176	222
"K14380"	9	17	28	50	91	86
"K14392"	19	25	4	18	84	100
"K14415"	243	240	487	596	872	1310
"K14440"	11	10	80	98	103	227
"K14441"	2002	2863	4764	4158	3717	5041
"K14445"	176	216	401	507	804	1095
"K14534"	892	2446	347	766	557	1681
"K14540"	962	1007	1182	1514	1728	2131
"K14591"	71	71	14	17	12	90
"K14623"	277	315	506	358	693	776
"K14652"	805	1044	1159	805	1331	1935
"K14731"	67	67	117	303	313	474
"K14742"	480	620	1102	1098	1200	1317
"K14761"	266	365	520	697	713	774
"K14943"	12	15	10	15	36	23
"K14945"	84	229	444	44	82	86
"K14989"	9	12	1	0	10	37
"K15024"	1051	1735	424	1265	830	592
"K15051"	326	340	597	459	924	1237
"K15187"	42	51	105	121	258	344
"K15293"	18	11	51	47	64	196
"K15342"	910	1185	970	857	1588	1477
"K15372"	90	91	13	182	402	125
"K15374"	2	5	0	5	13	19
"K15377"	1	4	1	1	0	4
"K15446"	5	7	12	27	47	43
"K15460"	74	69	155	266	336	525
"K15531"	477	516	1175	567	814	1300
"K15532"	510	572	1579	889	1431	1569
"K15533"	952	902	1639	1411	2126	2703
"K15538"	82	79	148	165	341	354
"K15580"	8359	9407	28410	22844	17199	21318
"K15581"	914	1453	5127	5611	4339	5776
"K15582"	1018	1578	5742	5657	4517	6158
"K15583"	1140	1634	5792	5507	4582	6695
"K15584"	208	185	278	573	951	853
"K15585"	87	92	66	192	356	240
"K15586"	70	111	109	225	351	311
"K15587"	65	105	100	151	275	225
"K15598"	147	175	29	199	400	169
"K15599"	80	113	23	132	221	99
"K15600"	17	33	4	5	8	21
"K15601"	33	67	12	77	103	194
"K15633"	4481	6555	8641	9270	7198	10558
"K15635"	537	617	429	798	1061	735
"K15725"	55	65	117	165	295	444
"K15726"	606	768	1258	1546	2390	3343
"K15727"	162	159	317	406	607	899
"K15738"	871	912	1736	1268	2026	2871
"K15770"	20408	39985	34098	5988	3963	10590
"K15771"	4655	8375	7662	1569	1622	3325
"K15772"	4622	8908	6024	1183	1151	2421
"K15866"	39	38	8	371	229	232
"K15876"	76	61	140	146	215	302
"K15898"	95	117	46	26	43	13
"K15921"	3159	4887	634	3847	3571	1024
"K15922"	411	345	720	430	1079	1326
"K15923"	1724	1964	3150	3273	4876	6127
"K15924"	154	429	681	202	376	500
"K15977"	217	444	582	96	102	115
"K15986"	1322	1512	2784	2221	2457	3400
"K15987"	1560	2713	4687	2505	2027	4262
"K16052"	178	159	378	538	600	708
"K16053"	423	628	1059	737	1031	1383
"K16055"	20	19	65	116	114	214
"K16089"	612	703	1869	1221	1615	2438
"K16197"	5	6	5	25	29	27
"K16203"	71	61	124	442	371	486
"K16212"	2897	3999	578	2579	1493	1411
"K16213"	325	417	273	339	524	476
"K16251"	5	3	2	11	9	18
"K16264"	94	133	215	156	235	327
"K16328"	256	327	549	1018	1017	873
"K16329"	77	479	146	700	397	355
"K16345"	129	163	247	371	585	821
"K16363"	229	447	1292	290	442	551
"K16371"	15	12	19	76	70	90
"K16484"	24	28	4	6	6	79
"K16511"	557	747	1387	560	733	1006
"K16662"	2	7	21	24	58	38
"K16684"	3	3	5	69	69	54
"K16726"	278	321	740	924	1034	881
"K16785"	1247	1582	2834	2922	3951	4465
"K16786"	2326	2720	4584	5830	7844	7537
"K16787"	971	1111	2115	1984	2403	2695
"K16789"	346	338	554	695	955	871
"K16849"	4	3	2	35	33	31
"K16850"	60	29	60	247	264	310
"K16898"	2966	3527	4748	4734	6489	6683
"K16899"	2001	2353	3250	3501	5058	5081
"K16924"	265	303	1317	720	578	863
"K16925"	10	5	45	58	99	85
"K16926"	241	330	427	812	1118	1566
"K16927"	29	33	11	64	148	233
"K16936"	91	162	196	159	303	400
"K16950"	144	153	48	116	196	217
"K16951"	101	92	45	112	118	134
"K16960"	106	96	244	566	438	552
"K17073"	77	164	62	178	193	362
"K17074"	74	118	60	136	212	334
"K17076"	103	150	75	167	193	329
"K17077"	403	483	1176	1204	1189	1122
"K17103"	775	1135	1552	426	733	1053
"K17213"	84	90	142	42	50	46
"K17234"	219	252	222	173	130	73
"K17235"	103	113	75	50	38	21
"K17236"	84	76	63	30	40	19
"K17318"	8380	11096	20741	160277	120149	111118
"K17319"	4101	5064	7596	70920	67009	47818
"K17320"	3693	4705	7784	77039	64969	52963
"K17535"	7	2	7	22	32	29
"K17551"	118	92	32	117	72	68
"K17675"	436	407	809	472	1006	1272
"K17680"	254	277	497	811	1147	1697
"K17686"	888	1159	2892	4232	3566	4412
"K17716"	74	89	158	239	259	491
"K17722"	6	6	4	252	142	572
"K17723"	151	169	34	737	860	877
"K17734"	260	280	414	307	641	755
"K17751"	282	473	44	368	398	177
"K17758"	1693	2331	2160	3042	3727	4214
"K17810"	160	133	303	577	619	1211
"K17818"	22	22	24	84	113	128
"K17828"	1043	1242	1440	1841	2224	2777
"K17836"	272	318	693	1012	1083	1343
"K17865"	229	235	79	433	280	1016
"K17898"	530	300	86	293	305	334
"K17899"	101	39	13	46	29	34
"K17992"	120	115	91	294	246	357
"K18011"	1286	1578	815	3107	1621	1541
"K18012"	3303	3339	1151	5702	2888	2967
"K18013"	974	986	440	1692	894	870
"K18014"	903	709	496	981	662	620
"K18104"	15	13	46	39	91	229
"K18118"	1186	1159	226	14631	8766	4797
"K18119"	18	18	32	87	115	102
"K18120"	47	41	77	182	309	266
"K18122"	272	612	173	237	349	437
"K18138"	232	242	579	578	931	1248
"K18139"	139	281	404	219	339	534
"K18220"	500	591	607	1229	2204	1811
"K18234"	67	98	187	152	215	280
"K18330"	56	68	107	90	120	145
"K18331"	692	925	1001	1304	1484	1914
"K18332"	826	1076	1147	1373	1751	2182
"K18344"	14	11	25	69	67	111
"K18345"	43	44	39	189	185	232
"K18346"	78	92	56	200	257	246
"K18348"	15	6	44	151	171	296
"K18349"	129	158	138	305	492	444
"K18350"	235	278	240	524	721	746
"K18369"	366	417	845	1209	1136	1209
"K18411"	1	1	0	0	4	1
"K18429"	27	26	100	108	115	301
"K18430"	118	121	495	241	352	568
"K18471"	94	86	182	296	370	359
"K18475"	1425	1644	1620	1188	2125	2148
"K18581"	194	240	273	241	384	496
"K18625"	1	0	0	3	8	7
"K18640"	473	507	686	742	1496	1466
"K18672"	1366	1743	2406	2589	2202	2352
"K18682"	4616	7245	7755	7402	5485	8584
"K18691"	206	321	674	490	702	925
"K18704"	304	461	127	194	338	564
"K18707"	1120	1412	1500	2260	2684	3276
"K18785"	8812	12927	2584	10117	3961	2407
"K18816"	99	93	25	191	251	47
"K18831"	51	83	96	141	75	158
"K18856"	4	5	13	69	64	97
"K18866"	3	8	7	43	63	83
"K18887"	8	18	9	27	37	65
"K18888"	14	16	6	28	25	92
"K18889"	906	932	1394	1220	1877	1822
"K18890"	735	891	1462	1901	2614	2728
"K18910"	17	13	26	79	95	153
"K18928"	501	968	1763	289	279	382
"K18929"	819	1435	2720	457	513	687
"K18979"	33	35	56	137	216	258
"K19002"	2989	3523	6490	7478	4810	7795
"K19005"	58	65	123	100	254	219
"K19055"	225	293	415	241	506	878
"K19068"	76	75	207	248	248	521
"K19091"	4	10	0	3	3	9
"K19117"	1058	1291	1190	1073	1969	1806
"K19118"	754	871	849	590	1041	1047
"K19119"	526	583	566	662	1070	1084
"K19134"	18	28	6	14	42	96
"K19138"	39	26	20	9	15	0
"K19139"	86	89	60	30	26	17
"K19140"	115	147	100	25	59	24
"K19147"	24	34	60	36	107	80
"K19157"	145	164	803	792	637	858
"K19158"	624	779	752	635	581	685
"K19165"	335	676	99	336	315	86
"K19166"	78	85	145	512	331	610
"K19171"	313	430	601	236	505	512
"K19221"	245	301	471	524	470	806
"K19225"	464	531	879	731	1124	1489
"K19265"	986	1393	1413	1100	1643	2153
"K19271"	167	313	642	298	366	554
"K19294"	1059	1259	1633	2494	2965	2781
"K19302"	529	775	1217	2023	1867	2005
"K19309"	604	854	1412	6742	5258	3718
"K19310"	400	624	1174	7338	5234	3682
"K19350"	272	308	124	642	1023	430
"K19355"	3551	4620	902	5918	4199	3582
"K19405"	29	64	9	82	43	159
"K19411"	11	26	11	43	17	91
"K19510"	103	123	50	81	33	424
"K19511"	24	22	33	256	250	195
"K19689"	570	777	1236	1706	1958	1753
"K19703"	41	41	77	218	147	242
"K19789"	49	68	111	150	281	358
"K19802"	470	578	1675	1447	1266	1266
"K19871"	0	3	1	1	9	2
"K19955"	321	412	931	415	599	727
"K19956"	19	38	8	199	47	148
"K19997"	231	284	702	1208	1362	1483
"K20028"	36	41	58	90	109	144
"K20074"	1300	1515	2540	2066	2749	3145
"K20116"	2983	4243	8579	1739	1800	3716
"K20160"	18	11	18	30	45	149
"K20265"	255	251	608	395	603	825
"K20317"	13	11	22	20	29	46
"K20344"	2527	3133	17478	38933	28907	33509
"K20345"	535	467	953	702	1608	1944
"K20444"	1506	1917	6547	8453	6217	7306
"K20459"	144	105	245	1128	840	2481
"K20460"	20	24	93	89	196	388
"K20461"	117	132	210	804	763	1897
"K20487"	1141	1050	2095	2043	2421	2713
"K20488"	547	543	1100	1338	1237	1442
"K20489"	2	1	5	8	32	27
"K20490"	149	154	268	125	335	339
"K20491"	379	372	549	340	733	836
"K20492"	225	259	347	161	396	440
"K20509"	4174	5413	9882	16993	12888	13047
"K20534"	275	386	125	209	321	296
"K20859"	201	231	293	420	579	569
"K20866"	122	199	435	254	418	611
"K20885"	180	207	379	569	741	1199
"K21011"	125	128	112	107	213	423
"K21012"	116	133	99	110	162	379
"K21030"	53	90	10	45	53	142
"K21065"	217	240	442	713	1050	1487
"K21071"	4829	6902	6062	8712	8640	9303
"K21140"	178	174	249	167	304	375
"K21147"	49	44	88	172	228	269
"K21393"	14	5	32	32	45	159
"K21394"	0	2	23	16	18	96
"K21395"	2	6	30	11	29	101
"K21399"	80	37	17	45	43	46
"K21400"	292	160	66	154	149	214
"K21405"	19	17	67	128	167	170
"K21416"	15	18	12	52	75	108
"K21417"	6	10	11	58	69	84
"K21467"	397	360	724	524	1277	1470
"K21470"	122	158	404	338	528	674
"K21471"	1880	2370	2119	460	753	1215
"K21472"	184	207	125	79	87	26
"K21498"	128	309	421	55	115	152
"K21556"	126	227	345	141	236	340
"K21561"	12	7	17	5	31	18
"K21571"	602	966	2650	1086	1687	2127
"K21572"	17057	33110	72363	28648	45336	60393
"K21573"	678	1443	4120	816	1039	1416
"K21574"	529	807	1981	904	1455	1984
"K21575"	123	191	421	411	616	863
"K21600"	306	390	574	589	723	899
"K21613"	90	123	65	37	40	12
"K21636"	3594	3992	5808	11476	9908	14628
"K21672"	695	310	74	166	164	223
"K21763"	16	6	19	23	39	41
"K21898"	348	241	95	451	401	488
"K21903"	520	663	2405	3717	2472	1889
"K21929"	98	103	190	369	435	468
"K21993"	7	5	0	19	16	23
"K22010"	486	631	652	940	1186	1450
"K22024"	0	0	0	12	16	9
"K22074"	20	9	1	65	42	188
"K22129"	2	2	1	9	4	21
"K22130"	54	77	148	121	218	290
"K22132"	771	859	1391	1912	2245	2389
"K22230"	17	41	3	41	61	114
"K22278"	242	315	121	399	419	792
"K22373"	5495	11668	51	1926	998	3963
"K22431"	2667	4489	15927	16426	12282	15697
"K22477"	96	124	121	61	127	235
"K22863"	5	2	12	55	55	120
"K22900"	398	413	921	781	959	1296
"K22927"	2900	3410	4235	4217	5045	5352
"K22942"	11	13	11	29	66	47
"K22958"	24	27	39	128	183	214
"K23004"	51	63	115	183	250	360
"K23059"	1658	2391	6304	1868	1332	2380
"K23060"	822	966	2257	1820	1956	2270
"K23149"	9	12	21	113	133	255
"K23163"	303	291	379	262	613	656
"K23169"	81	95	56	36	63	14
"K23170"	352	529	142	284	447	187
"K23259"	79	90	39	36	32	13
"K23335"	8	7	13	31	51	66
"K23351"	1383	1913	2818	3262	2528	2971
"K23356"	33	49	18	33	39	84
"K23393"	280	332	108	258	428	455
"K23487"	15	28	15	13	15	4
"K23508"	455	451	526	2523	1123	5686
"K23509"	230	191	215	450	317	1557
"K23518"	484	483	830	788	1132	1161
"K23535"	914	1171	2372	3321	2819	2876
"K23536"	850	957	2067	3035	2583	2670
"K23537"	1442	1733	3098	4904	4119	4116
